weight,degree,in_degree,out_degree,betweenness_centrality,closeness_centrality,eigenvector_centrality,pagerank,avg_nbr_degree,avg_nbr_in_degree,avg_nbr_out_degree,in_degree,out_degree,sum_nbr_degree,sum_nbr_in_degree,sum_nbr_out_degree
0.00101419878296,278,123,155,0.0280364220328,0.492919391712,0.080087564179,0.00514145846885,90.929032258064516129032258,44.193548387096774193548387,46.73548387096774193548387,123,155,14094,6850,7244
0.00101419878296,144,73,71,0.00479170934467,0.441069525823,0.0588403870038,0.00260382621576,122.802816901408450704225352,59.535211267605633802816901,63.26760563380281690140845,73,71,8719,4227,4492
0.00101419878296,201,115,86,0.0118232660905,0.455771843351,0.073798624261,0.00392552404398,94.174418604651162790697674,46.162790697674418604651162,48.011627906976744186046511,115,86,8099,3970,4129
0.00101419878296,201,89,112,0.00571785372446,0.473856210817,0.0860693021597,0.0028392564096,122.910714285714285714285714,60.080357142857142857142857,62.830357142857142857142857,89,112,13766,6729,7037
0.00101419878296,57,29,28,0.000295618702314,0.390985377429,0.0143951620945,0.00110841292135,96.071428571428571428571428,43.428571428571428571428571,52.642857142857142857142857,29,28,2690,1216,1474
0.00101419878296,57,22,35,0.000573155385155,0.418009621505,0.0238767731973,0.000829870985413,174.942857142857142857142857,81.657142857142857142857142,93.285714285714285714285714,22,35,6123,2858,3265
0.00101419878296,57,29,28,0.00049561576902,0.390176888228,0.0267371370721,0.00103758307648,112.571428571428571428571428,55.035714285714285714285714,57.535714285714285714285714,29,28,3152,1541,1611
0.00101419878296,57,31,26,0.00114816282254,0.356018005938,0.0136965316143,0.00156368086899,80.5,39.961538461538461538461538,40.538461538461538461538461,31,26,2093,1039,1054
0.00101419878296,57,34,23,0.00049645061154,0.412526329574,0.0365675366831,0.00109221207353,174.60869565217391304347826,83.739130434782608695652173,90.869565217391304347826086,34,23,4016,1926,2090
0.00101419878296,57,26,31,0.000543539168189,0.41616573257,0.0294129370379,0.000921258258206,177.838709677419354838709677,85.096774193548387096774193,92.741935483870967741935483,26,31,5513,2638,2875
0.00101419878296,73,34,39,0.00141935153873,0.398079204952,0.0217629132814,0.00146759784328,85.282051282051282051282051,44.307692307692307692307692,40.974358974358974358974358,34,39,3326,1728,1598
0.00101419878296,73,38,35,0.00149824547663,0.407185030529,0.0232238126184,0.00154595910139,105.571428571428571428571428,49.628571428571428571428571,55.942857142857142857142857,38,35,3695,1737,1958
0.00101419878296,73,34,39,0.000949305701365,0.416717188929,0.0235715380271,0.00120702519393,114.230769230769230769230769,55.846153846153846153846153,58.384615384615384615384615,34,39,4455,2178,2277
0.00101419878296,73,35,38,0.00251719674467,0.411267530835,0.0210900127662,0.0013436338953,94.631578947368421052631578,47.18421052631578947368421,47.447368421052631578947368,35,38,3596,1793,1803
0.00101419878296,80,41,39,0.000635593822014,0.411088329297,0.0434176409201,0.00146597003247,158.384615384615384615384615,76.846153846153846153846153,81.538461538461538461538461,41,39,6177,2997,3180
0.00101419878296,80,44,36,0.00226179972635,0.411806074088,0.0308622494166,0.00172892975837,121.138888888888888888888888,57.833333333333333333333333,63.305555555555555555555555,44,36,4361,2082,2279
0.00101419878296,80,36,44,0.000467432142807,0.401296348675,0.025473962678,0.00118655564998,107.772727272727272727272727,52.068181818181818181818181,55.704545454545454545454545,36,44,4742,2291,2451
0.00101419878296,80,39,41,0.00168204788141,0.409660319469,0.0228026256231,0.00149493382324,94.902439024390243902439024,45.463414634146341463414634,49.43902439024390243902439,39,41,3891,1864,2027
0.00101419878296,80,38,42,0.00045564730248,0.40112572948,0.0345863508863,0.00128569380054,127.214285714285714285714285,62.142857142857142857142857,65.071428571428571428571428,38,42,5343,2610,2733
0.00101419878296,208,85,123,0.0133946578812,0.475528082528,0.0611311407915,0.00282481092202,103.06504065040650406504065,51.0,52.06504065040650406504065,85,123,12677,6273,6404
0.00101419878296,67,35,32,0.00120160826739,0.403355158502,0.0171138344901,0.00145875753755,97.6875,46.96875,50.71875,35,32,3126,1503,1623
0.00101419878296,67,32,35,0.0011229520031,0.386817431626,0.0200054469615,0.00122400640503,85.485714285714285714285714,43.228571428571428571428571,42.257142857142857142857142,32,35,2992,1513,1479
0.00101419878296,114,48,66,0.0040658540297,0.442517690308,0.0585907956961,0.00162886348378,132.257575757575757575757575,66.121212121212121212121212,66.136363636363636363636363,48,66,8729,4364,4365
0.00101419878296,114,48,66,0.00307114355174,0.411985902068,0.0217662332487,0.00216931178289,79.560606060606060606060606,39.80303030303030303030303,39.757575757575757575757575,48,66,5251,2627,2624
0.00101419878296,96,45,51,0.00220294487991,0.433370563039,0.0414188703764,0.00178820669057,132.54901960784313725490196,62.254901960784313725490196,70.294117647058823529411764,45,51,6760,3175,3585
0.00101419878296,107,65,42,0.00333574722817,0.403527679956,0.0436163424866,0.00248751692134,102.142857142857142857142857,50.95238095238095238095238,51.190476190476190476190476,65,42,4290,2140,2150
0.00101419878296,107,52,55,0.00299582892472,0.424785103888,0.0449058146527,0.00193672581922,127.018181818181818181818181,59.618181818181818181818181,67.4,52,55,6986,3279,3707
0.00101419878296,7,3,4,2.3013303988e-05,0.330918174583,0.00259910683774,0.000351373182925,150.5,79.0,71.5,3,4,602,316,286
0.00101419878296,7,4,3,5.35458293305e-06,0.328155727213,0.00305189745423,0.000313090826405,106.0,49.0,57.0,4,3,318,147,171
0.00101419878296,7,6,1,8.77658052785e-06,0.233584480252,0.00221809183542,0.000710239154191,15.0,12.0,3.0,6,1,15,12,3
0.00101419878296,7,5,2,1.08445486799e-05,0.29612294907,0.00352205797438,0.000318211932014,61.0,31.0,30.0,5,2,122,62,60
0.00101419878296,7,5,2,1.0276008679e-05,0.309225734427,0.00192859905511,0.000469813308121,107.0,59.5,47.5,5,2,214,119,95
0.00101419878296,7,2,5,1.40830727847e-06,0.34545870221,0.00236262602192,0.000265992742454,141.2,72.2,69.0,2,5,706,361,345
0.00101419878296,7,6,1,3.76420022454e-06,0.288163627287,0.00307294308517,0.000484750825528,55.0,24.0,31.0,6,1,55,24,31
0.00101419878296,7,7,0,0.0,0.0,0.0100018466381,0.000361813986176,0.0,0.0,0.0,7,0,0,0,0
0.00101419878296,7,2,5,2.07088546416e-06,0.342573607747,0.00206015333713,0.000252011927583,150.6,75.4,75.2,2,5,753,377,376
0.00101419878296,7,4,3,7.45810404807e-07,0.328498508265,0.00314922541753,0.000297044522346,136.0,57.666666666666666666666666,78.333333333333333333333333,4,3,408,173,235
0.00101419878296,7,4,3,1.27153658465e-05,0.321337777839,0.00178999120242,0.000349084929568,89.333333333333333333333333,46.0,43.333333333333333333333333,4,3,268,138,130
0.00101419878296,7,4,3,8.50899648363e-05,0.293817413808,0.00108957992844,0.00032740939473,49.333333333333333333333333,24.333333333333333333333333,25.0,4,3,148,73,75
0.00101419878296,7,4,3,0.0,0.313854862188,0.00279185336993,0.000293727855102,104.333333333333333333333333,49.666666666666666666666666,54.666666666666666666666666,4,3,313,149,164
0.00101419878296,7,6,1,8.34136348436e-06,0.259688333536,0.00414001956302,0.000348824757498,12.0,8.0,4.0,6,1,12,8,4
0.00101419878296,7,6,1,0.0,0.298559403714,0.00146595620223,0.000385784700654,131.0,68.0,63.0,6,1,131,68,63
0.00101419878296,7,7,0,0.0,0.0,0.00347769278919,0.000369925364917,0.0,0.0,0.0,7,0,0,0,0
0.00101419878296,7,7,0,0.0,0.0,0.00719211978663,0.000381286544229,0.0,0.0,0.0,7,0,0,0,0
0.00101419878296,7,5,2,3.10490740348e-05,0.324655098326,0.00359495554097,0.00038843600695,177.0,86.5,90.5,5,2,354,173,181
0.00101419878296,7,6,1,1.02098282522e-06,0.308014272196,0.00700917191774,0.000381453362256,119.0,52.0,67.0,6,1,119,52,67
0.00101419878296,7,3,4,1.54672780832e-06,0.371728808407,0.00438075823992,0.000273554096339,229.0,100.0,129.0,3,4,916,400,516
0.00101419878296,7,4,3,1.55809784632e-05,0.335866043338,0.00418191193584,0.000327315918159,130.666666666666666666666666,59.0,71.666666666666666666666666,4,3,392,177,215
0.00101419878296,273,138,135,0.016176220166,0.487569878933,0.115269247475,0.0049688034731,121.933333333333333333333333,60.237037037037037037037037,61.696296296296296296296296,138,135,16461,8132,8329
0.00101419878296,160,84,76,0.00476832613736,0.4458637598,0.0854540154293,0.00280554671454,135.092105263157894736842105,65.552631578947368421052631,69.539473684210526315789473,84,76,10267,4982,5285
0.00101419878296,55,28,27,0.0039875586298,0.413792857779,0.026095032251,0.00165027594998,145.518518518518518518518518,68.296296296296296296296296,77.222222222222222222222222,28,27,3929,1844,2085
0.00101419878296,55,29,26,0.000249667994348,0.415615733804,0.031076860675,0.000989590056138,180.076923076923076923076923,84.653846153846153846153846,95.423076923076923076923076,29,26,4682,2201,2481
0.00101419878296,55,24,31,0.00168118032941,0.408065620993,0.0168602535388,0.00128031020494,104.225806451612903225806451,48.806451612903225806451612,55.419354838709677419354838,24,31,3231,1513,1718
0.00101419878296,55,32,23,0.000412565834947,0.396573230658,0.0225010397614,0.00110453450289,116.652173913043478260869565,55.30434782608695652173913,61.347826086956521739130434,32,23,2683,1272,1411
0.00101419878296,46,27,19,0.000197837862282,0.377228195016,0.0153023111051,0.000956031450189,109.631578947368421052631578,53.947368421052631578947368,55.68421052631578947368421,27,19,2083,1025,1058
0.00101419878296,46,26,20,0.000109010492651,0.362307110498,0.0241567008225,0.000871415367701,115.45,55.7,59.75,26,20,2309,1114,1195
0.00101419878296,46,23,23,0.000254138105865,0.397241143468,0.0201965947149,0.000844866872859,132.043478260869565217391304,62.130434782608695652173913,69.913043478260869565217391,23,23,3037,1429,1608
0.00101419878296,46,31,15,7.80667790949e-05,0.34382205384,0.017422697858,0.00117429004397,93.4,44.733333333333333333333333,48.666666666666666666666666,31,15,1401,671,730
0.00101419878296,215,109,106,0.00980164831726,0.472669196261,0.0876036364569,0.00358761816117,120.311320754716981132075471,58.952830188679245283018867,61.358490566037735849056603,109,106,12753,6249,6504
0.00101419878296,217,87,130,0.0168525887281,0.454454583688,0.050337159711,0.00377540703019,74.376923076923076923076923,37.838461538461538461538461,36.538461538461538461538461,87,130,9669,4919,4750
0.00101419878296,217,98,119,0.00633199993946,0.481842551448,0.0844442307119,0.00296691954932,130.60504201680672268907563,63.067226890756302521008403,67.537815126050420168067226,98,119,15542,7505,8037
0.00101419878296,217,93,124,0.0119408272669,0.478907469917,0.0801514764253,0.00386263960003,127.298387096774193548387096,61.0,66.298387096774193548387096,93,124,15785,7564,8221
0.00101419878296,214,95,119,0.0110004610903,0.47793703938,0.0895200635933,0.00344424222371,126.277310924369747899159663,62.042016806722689075630252,64.235294117647058823529411,95,119,15027,7383,7644
0.00101419878296,270,111,159,0.00950137270522,0.502635970025,0.115405143995,0.0033152437406,130.201257861635220125786163,64.119496855345911949685534,66.081761006289308176100628,111,159,20702,10195,10507
0.00101419878296,346,120,226,0.0189400312772,0.530623012225,0.112103046418,0.0038746615451,106.876106194690265486725663,53.004424778761061946902654,53.871681415929203539823008,120,226,24154,11979,12175
0.00101419878296,137,59,78,0.00418997511972,0.451842775736,0.0557647301011,0.00182162335935,129.935897435897435897435897,62.26923076923076923076923,67.666666666666666666666666,59,78,10135,4857,5278
0.00101419878296,228,127,101,0.0096940816213,0.466360709706,0.108632582689,0.00444636162018,126.267326732673267326732673,61.475247524752475247524752,64.79207920792079207920792,127,101,12753,6209,6544
0.00101419878296,30,13,17,0.00012873987069,0.409127370224,0.0154905242249,0.000603382428806,199.176470588235294117647058,95.117647058823529411764705,104.058823529411764705882352,13,17,3386,1617,1769
0.00101419878296,30,14,16,0.000274767811796,0.367529301027,0.00838277609006,0.000672222636128,85.75,41.75,44.0,14,16,1372,668,704
0.00101419878296,30,18,12,0.000140630258239,0.370124643286,0.00851900491507,0.000770195109988,118.75,53.666666666666666666666666,65.083333333333333333333333,18,12,1425,644,781
0.00101419878296,30,16,14,6.10024558282e-05,0.358044673904,0.00973300745717,0.00061164512842,97.642857142857142857142857,47.928571428571428571428571,49.714285714285714285714285,16,14,1367,671,696
0.00101419878296,30,20,10,0.000399716542433,0.367672531464,0.0117037416747,0.000794589757975,114.0,55.2,58.8,20,10,1140,552,588
0.00101419878296,30,13,17,4.41507894319e-05,0.366245231264,0.00912232328829,0.000599620596532,118.882352941176470588235294,60.529411764705882352941176,58.352941176470588235294117,13,17,2021,1029,992
0.00101419878296,30,11,19,0.000155016017579,0.37056076816,0.0056269530946,0.00052641931148,87.947368421052631578947368,42.0,45.947368421052631578947368,11,19,1671,798,873
0.00101419878296,30,11,19,0.000490050070395,0.395907560107,0.00981783640774,0.000587620773428,117.631578947368421052631578,52.894736842105263157894736,64.736842105263157894736842,11,19,2235,1005,1230
0.00101419878296,30,21,9,4.47053598913e-05,0.343696799904,0.0142896304723,0.000767650243669,112.111111111111111111111111,55.111111111111111111111111,57.0,21,9,1009,496,513
0.00101419878296,30,15,15,5.55102863979e-05,0.345079632676,0.00811569603747,0.000589773086355,89.733333333333333333333333,48.266666666666666666666666,41.466666666666666666666666,15,15,1346,724,622
0.00101419878296,30,15,15,7.80116709932e-05,0.327472306746,0.00601300917006,0.000667071152429,62.866666666666666666666666,32.733333333333333333333333,30.133333333333333333333333,15,15,943,491,452
0.00101419878296,30,16,14,5.00009710538e-05,0.320791470839,0.00403870872788,0.000951131457076,60.928571428571428571428571,31.142857142857142857142857,29.785714285714285714285714,16,14,853,436,417
0.00101419878296,30,13,17,0.000109152131405,0.354679592382,0.007633866253,0.00061250832481,80.823529411764705882352941,40.647058823529411764705882,40.176470588235294117647058,13,17,1374,691,683
0.00101419878296,30,15,15,7.97050484927e-05,0.390661580015,0.0156516604213,0.000683752703879,152.733333333333333333333333,75.2,77.533333333333333333333333,15,15,2291,1128,1163
0.00101419878296,30,15,15,2.12832102247e-05,0.320138349418,0.00368609339169,0.000779845237444,63.933333333333333333333333,32.2,31.733333333333333333333333,15,15,959,483,476
0.00101419878296,66,32,34,0.00187559121571,0.383359494407,0.0192115931706,0.00145927025336,84.323529411764705882352941,41.088235294117647058823529,43.235294117647058823529411,32,34,2867,1397,1470
0.00101419878296,66,31,35,0.000618965193828,0.407712928149,0.0231824032281,0.00104908783432,117.514285714285714285714285,55.4,62.114285714285714285714285,31,35,4113,1939,2174
0.00101419878296,66,33,33,0.000464525227221,0.406133325758,0.0318862991605,0.00124620878458,140.0,69.181818181818181818181818,70.818181818181818181818181,33,33,4620,2283,2337
0.00101419878296,66,35,31,0.00115624639518,0.379962833563,0.0219660396924,0.00129330690504,99.903225806451612903225806,49.0,50.903225806451612903225806,35,31,3097,1519,1578
0.00101419878296,191,91,100,0.0062589342494,0.455771843351,0.0825930554011,0.00314939033732,122.07,59.96,62.11,91,100,12207,5996,6211
0.00101419878296,191,82,109,0.00860169866624,0.473618331193,0.0834792048573,0.00291629568284,131.651376146788990825688073,65.403669724770642201834862,66.247706422018348623853211,82,109,14350,7129,7221
0.00101419878296,130,67,63,0.00307221910038,0.436579229864,0.0619082571564,0.00231462393462,132.428571428571428571428571,63.539682539682539682539682,68.888888888888888888888888,67,63,8343,4003,4340
0.00101419878296,21,8,13,0.000139406800131,0.371582400841,0.00378261528723,0.000475494142959,99.230769230769230769230769,46.76923076923076923076923,52.461538461538461538461538,8,13,1290,608,682
0.00101419878296,21,16,5,3.80616675599e-05,0.335150165448,0.00791847530614,0.000655915726204,90.8,38.8,52.0,16,5,454,194,260
0.00101419878296,21,9,12,0.000111026508044,0.385710431617,0.00810696708917,0.000445771974161,159.833333333333333333333333,77.0,82.833333333333333333333333,9,12,1918,924,994
0.00101419878296,21,21,0,0.0,0.0,0.0186200692845,0.000783579873547,0.0,0.0,0.0,21,0,0,0,0
0.00101419878296,21,10,11,1.19181795606e-05,0.317445395604,0.00260676789479,0.000576612141014,60.636363636363636363636363,30.636363636363636363636363,30.0,10,11,667,337,330
0.00101419878296,21,6,15,0.000123129726889,0.351770214667,0.00356673116494,0.000372088250336,96.6,53.066666666666666666666666,43.533333333333333333333333,6,15,1449,796,653
0.00101419878296,21,12,9,0.000227584356422,0.352032729752,0.00621594612527,0.000852474007334,91.0,40.444444444444444444444444,50.555555555555555555555555,12,9,819,364,455
0.00101419878296,300,142,158,0.0155383810343,0.494728744487,0.125834192559,0.00474481994466,118.715189873417721518987341,58.424050632911392405063291,60.29113924050632911392405,142,158,18757,9231,9526
0.00101419878296,153,75,78,0.00390813320718,0.44004091219,0.0602373829167,0.00271753056267,109.948717948717948717948717,54.487179487179487179487179,55.461538461538461538461538,75,78,8576,4250,4326
0.00101419878296,101,55,46,0.00142455008464,0.403527679956,0.0470129500688,0.00182508808365,104.80434782608695652173913,53.934782608695652173913043,50.869565217391304347826086,55,46,4821,2481,2340
0.00101419878296,101,46,55,0.0074726467786,0.424402931055,0.0319887531966,0.00216487181571,101.963636363636363636363636,50.563636363636363636363636,51.4,46,55,5608,2781,2827
0.00101419878296,101,43,58,0.00144815866656,0.435772616968,0.0385525195664,0.00151003904833,125.793103448275862068965517,63.810344827586206896551724,61.982758620689655172413793,43,58,7296,3701,3595
0.00101419878296,101,46,55,0.00221943303171,0.435169610579,0.0437919163438,0.00150300515776,132.345454545454545454545454,62.963636363636363636363636,69.381818181818181818181818,46,55,7279,3463,3816
0.00101419878296,119,52,67,0.00358662443733,0.449046985119,0.0464527029363,0.0020002499082,137.731343283582089552238805,65.074626865671641791044776,72.656716417910447761194029,52,67,9228,4360,4868
0.00101419878296,12,6,6,5.57826580823e-05,0.328612927808,0.00707791498213,0.000378178644621,96.0,48.666666666666666666666666,47.333333333333333333333333,6,6,576,292,284
0.00101419878296,12,12,0,0.0,0.0,0.00289107149174,0.000579329045383,0.0,0.0,0.0,12,0,0,0,0
0.00101419878296,12,5,7,1.7398006501e-05,0.377983860471,0.00726625783641,0.000335760874564,225.285714285714285714285714,104.0,121.285714285714285714285714,5,7,1577,728,849
0.00101419878296,12,6,6,2.68879259844e-06,0.384766605113,0.0101803990079,0.000339500041467,273.166666666666666666666666,119.0,154.166666666666666666666666,6,6,1639,714,925
0.00101419878296,12,11,1,1.36806799751e-05,0.327358679992,0.00714705934293,0.000462692718337,231.0,60.0,171.0,11,1,231,60,171
0.00101419878296,12,7,5,0.0,0.31862469292,0.00311366835988,0.000388728512764,109.6,46.8,62.8,7,5,548,234,314
0.00101419878296,12,10,2,9.46718875986e-07,0.295751635027,0.00558437235903,0.000490355183926,63.0,31.0,32.0,10,2,126,62,64
0.00101419878296,12,8,4,0.00106533236747,0.353086719961,0.00575656723549,0.000745641484808,169.0,80.25,88.75,8,4,676,321,355
0.00101419878296,12,9,3,0.000999255459875,0.328155727213,0.00889639365583,0.000603533275247,160.333333333333333333333333,88.666666666666666666666666,71.666666666666666666666666,9,3,481,266,215
0.00101419878296,12,6,6,1.71331838618e-05,0.327472306746,0.00451505460216,0.000453703474314,96.333333333333333333333333,49.666666666666666666666666,46.666666666666666666666666,6,6,578,298,280
0.00101419878296,12,2,10,3.47266611602e-06,0.341828882513,0.00136767284656,0.000250836438989,97.5,48.9,48.6,2,10,975,489,486
0.00101419878296,12,12,0,0.0,0.0,0.00988832993559,0.000615288531823,0.0,0.0,0.0,12,0,0,0,0
0.00101419878296,12,6,6,0.000998940358138,0.336825318006,0.00367453772964,0.000526152758292,127.166666666666666666666666,65.333333333333333333333333,61.833333333333333333333333,6,6,763,392,371
0.00101419878296,12,2,10,0.00270977216115,0.292814312767,0.000522559494236,0.000244014325283,16.3,7.8,8.5,2,10,163,78,85
0.00101419878296,12,4,8,2.38041721348e-05,0.360783065291,0.0050771759098,0.000440498225008,152.125,70.375,81.75,4,8,1217,563,654
0.00101419878296,60,22,38,0.000720975005449,0.416717188929,0.0227448665667,0.00076406229128,114.421052631578947368421052,54.631578947368421052631578,59.789473684210526315789473,22,38,4348,2076,2272
0.00101419878296,60,26,34,0.000235648953124,0.398415420497,0.0310474243973,0.00091055602464,126.794117647058823529411764,63.5,63.294117647058823529411764,26,34,4311,2159,2152
0.00101419878296,60,37,23,0.00224000083966,0.405435202293,0.0197428907161,0.00138639404988,120.391304347826086956521739,55.478260869565217391304347,64.913043478260869565217391,37,23,2769,1276,1493
0.00101419878296,60,26,34,0.000808330632508,0.413974425509,0.0244296691882,0.00103302232289,124.323529411764705882352941,57.294117647058823529411764,67.029411764705882352941176,26,34,4227,1948,2279
0.00101419878296,60,33,27,0.000779433857327,0.398920810036,0.0186600821001,0.00133662595716,108.962962962962962962962962,51.703703703703703703703703,57.259259259259259259259259,33,27,2942,1396,1546
0.00101419878296,60,28,32,0.000278429619781,0.400444701076,0.0229449780467,0.00111774717562,119.1875,56.9375,62.25,28,32,3814,1822,1992
0.00101419878296,60,35,25,0.000112501787195,0.376325375244,0.0323268415634,0.00105803262129,123.84,62.52,61.32,35,25,3096,1563,1533
0.00101419878296,60,26,34,0.000745938866071,0.396739998207,0.0119624366918,0.00111726599725,89.235294117647058823529411,41.882352941176470588235294,47.352941176470588235294117,26,34,3034,1424,1610
0.00101419878296,110,28,82,0.00084132112519,0.461118140633,0.0292451699899,0.000953497253748,138.951219512195121951219512,68.731707317073170731707317,70.219512195121951219512195,28,82,11394,5636,5758
0.00101419878296,110,54,56,0.00225655274043,0.431388987534,0.0523481365992,0.00195803721787,132.428571428571428571428571,63.875,68.553571428571428571428571,54,56,7416,3577,3839
0.00101419878296,76,42,34,0.00173580470897,0.424593931474,0.0409939374311,0.00152885239999,149.41176470588235294117647,69.323529411764705882352941,80.088235294117647058823529,42,34,5080,2357,2723
0.00101419878296,62,32,30,0.00126211842224,0.38196263795,0.0196146364976,0.0012688945375,83.4,42.733333333333333333333333,40.666666666666666666666666,32,30,2502,1282,1220
0.00101419878296,62,33,29,0.000622811440857,0.363283679529,0.0124685448926,0.00148654169967,65.482758620689655172413793,33.206896551724137931034482,32.27586206896551724137931,33,29,1899,963,936
0.00101419878296,62,47,15,0.000993270528999,0.372168724156,0.0279305947036,0.0017528567733,105.266666666666666666666666,53.466666666666666666666666,51.8,47,15,1579,802,777
0.00101419878296,62,33,29,0.000716709500322,0.372904235469,0.018495314818,0.0012428702402,77.172413793103448275862068,37.931034482758620689655172,39.241379310344827586206896,33,29,2238,1100,1138
0.00101419878296,62,30,32,0.000327834330894,0.400784925971,0.0259041814099,0.00115923300702,120.59375,58.90625,61.6875,30,32,3859,1885,1974
0.00101419878296,37,15,22,0.000155044613606,0.347622592386,0.0108785810723,0.000784756868138,88.181818181818181818181818,44.318181818181818181818181,43.863636363636363636363636,15,22,1940,975,965
0.00101419878296,37,19,18,7.04418073331e-05,0.353218912668,0.00962944240811,0.000708663055694,82.166666666666666666666666,41.444444444444444444444444,40.722222222222222222222222,19,18,1479,746,733
0.00101419878296,37,20,17,0.000752031467798,0.343947399102,0.0108629987807,0.000950921815677,72.647058823529411764705882,34.0,38.647058823529411764705882,20,17,1235,578,657
0.00101419878296,37,15,22,0.000192933172674,0.360645151275,0.00504757767199,0.000790362816129,71.818181818181818181818181,35.454545454545454545454545,36.363636363636363636363636,15,22,1580,780,800
0.00101419878296,3,2,1,0.0,0.306413678381,0.00173850034132,0.000270530669084,160.0,84.0,76.0,2,1,160,84,76
0.00101419878296,3,3,0,0.0,0.0,0.00118301700131,0.000256733507633,0.0,0.0,0.0,3,0,0,0,0
0.00101419878296,3,3,0,0.0,0.0,0.000954270645257,0.000295553951484,0.0,0.0,0.0,3,0,0,0,0
0.00101419878296,3,1,2,8.30111342756e-07,0.303750069458,0.00035820831371,0.00023952880572,55.5,27.0,28.5,1,2,111,54,57
0.00101419878296,3,3,0,0.0,0.0,0.00134845966604,0.000274204892421,0.0,0.0,0.0,3,0,0,0,0
0.00101419878296,3,3,0,0.0,0.0,0.00321934120008,0.000269990472739,0.0,0.0,0.0,3,0,0,0,0
0.00101419878296,3,3,0,0.0,0.0,0.00118301700131,0.000256733507633,0.0,0.0,0.0,3,0,0,0,0
0.00101419878296,3,3,0,0.0,0.0,0.00402557561835,0.000278809518512,0.0,0.0,0.0,3,0,0,0,0
0.00101419878296,3,3,0,0.0,0.0,0.00346345536332,0.000265523130828,0.0,0.0,0.0,3,0,0,0,0
0.00101419878296,3,1,2,0.0,0.365111345099,0.00241633794706,0.0002175858685,311.5,124.0,187.5,1,2,623,248,375
0.00101419878296,3,3,0,0.0,0.0,0.0004667031476,0.000275411398958,0.0,0.0,0.0,3,0,0,0,0
0.00101419878296,3,1,2,0.0,0.338638806797,0.00135390524914,0.0002211284699,219.0,108.5,110.5,1,2,438,217,221
0.00101419878296,3,2,1,0.0,0.314168403509,0.00146320726876,0.000228995060219,164.0,72.0,92.0,2,1,164,72,92
0.00101419878296,3,3,0,0.0,0.0,0.00219251660527,0.000264112077135,0.0,0.0,0.0,3,0,0,0,0
0.00101419878296,3,2,1,2.22378431932e-06,0.231180523336,0.000345578200414,0.000443438341832,6.0,3.0,3.0,2,1,6,3,3
0.00101419878296,3,3,0,0.0,0.0,0.00177817322134,0.000300649395808,0.0,0.0,0.0,3,0,0,0,0
0.00101419878296,3,3,0,0.0,0.0,0.00206447008481,0.000267725553086,0.0,0.0,0.0,3,0,0,0,0
0.00101419878296,3,3,0,0.0,0.0,0.002912790758,0.000295184139851,0.0,0.0,0.0,3,0,0,0,0
0.00101419878296,3,3,0,0.0,0.0,0.000900884182921,0.000343230545058,0.0,0.0,0.0,3,0,0,0,0
0.00101419878296,3,1,2,1.26409779302e-07,0.286588005995,0.000386040717542,0.000225572266897,70.0,41.5,28.5,1,2,140,83,57
0.00101419878296,3,2,1,0.0,0.308517892654,0.00268220717603,0.000258275422284,131.0,66.0,65.0,2,1,131,66,65
0.00101419878296,3,2,1,1.40852527208e-06,0.321447262602,0.000576853119457,0.00023556721582,214.0,95.0,119.0,2,1,214,95,119
0.00101419878296,3,3,0,0.0,0.0,0.00471401321291,0.000289197131508,0.0,0.0,0.0,3,0,0,0,0
0.00101419878296,3,3,0,0.0,0.0,0.00291641298783,0.000278876931657,0.0,0.0,0.0,3,0,0,0,0
0.00101419878296,3,3,0,0.0,0.0,0.00297272094539,0.000314572039031,0.0,0.0,0.0,3,0,0,0,0
0.00101419878296,3,3,0,0.0,0.0,0.00144941329996,0.000280625958111,0.0,0.0,0.0,3,0,0,0,0
0.00101419878296,3,3,0,0.0,0.0,0.00364374008871,0.000277804762464,0.0,0.0,0.0,3,0,0,0,0
0.00101419878296,85,41,44,0.00387362616845,0.379046892622,0.0259168697194,0.00138281557887,84.477272727272727272727272,42.295454545454545454545454,42.181818181818181818181818,41,44,3717,1861,1856
0.00101419878296,85,43,42,0.00106193457467,0.418751760202,0.032024689632,0.00140094136132,125.023809523809523809523809,58.333333333333333333333333,66.690476190476190476190476,43,42,5251,2450,2801
0.00101419878296,85,46,39,0.00413924228256,0.413611449249,0.0371258836249,0.002058338278,112.948717948717948717948717,52.102564102564102564102564,60.846153846153846153846153,46,39,4405,2032,2373
0.00101419878296,92,42,50,0.00105048536151,0.435973990636,0.0396958390245,0.00145480381619,147.94,69.44,78.5,42,50,7397,3472,3925
0.00101419878296,92,47,45,0.00132660949361,0.411806074088,0.0373727625934,0.00169863569376,113.933333333333333333333333,56.2,57.733333333333333333333333,47,45,5127,2529,2598
0.00101419878296,92,46,46,0.00106808058124,0.429230079953,0.0505862098132,0.00151520281761,167.586956521739130434782608,77.869565217391304347826086,89.717391304347826086956521,46,46,7709,3582,4127
0.00101419878296,42,25,17,0.00215914409843,0.405261046278,0.0238346743301,0.00127778105383,162.705882352941176470588235,75.882352941176470588235294,86.823529411764705882352941,25,17,2766,1290,1476
0.00101419878296,42,21,21,0.000115339033285,0.381653606689,0.0201197189029,0.000732300401777,150.571428571428571428571428,69.571428571428571428571428,81.0,21,21,3162,1461,1701
0.00101419878296,42,19,23,0.000684884682905,0.35790884512,0.00723986651927,0.000853169309781,66.956521739130434782608695,33.173913043478260869565217,33.782608695652173913043478,19,23,1540,763,777
0.00101419878296,42,26,16,4.01796403608e-05,0.350203309479,0.0234288155836,0.0009801210675,113.0,57.125,55.875,26,16,1808,914,894
0.00101419878296,42,27,15,0.00212757317401,0.392449133002,0.0294951772875,0.00121814576931,198.4,91.2,107.2,27,15,2976,1368,1608
0.00101419878296,42,19,23,0.000647440977203,0.384609749587,0.0130074653285,0.000997504491227,106.347826086956521739130434,52.043478260869565217391304,54.30434782608695652173913,19,23,2446,1197,1249
0.00101419878296,42,24,18,0.000256170646853,0.345079632676,0.0122676824338,0.000876343135544,69.111111111111111111111111,35.111111111111111111111111,34.0,24,18,1244,632,612
0.00101419878296,42,24,18,0.00364535048833,0.391147477503,0.0256563741062,0.00102515962372,151.888888888888888888888888,73.333333333333333333333333,78.555555555555555555555555,24,18,2734,1320,1414
0.00101419878296,164,74,90,0.00573443627299,0.469376973003,0.0609824334803,0.00257716450744,125.733333333333333333333333,62.777777777777777777777777,62.955555555555555555555555,74,90,11316,5650,5666
0.00101419878296,164,72,92,0.0048692086857,0.462247778411,0.0686426310537,0.00251534830919,126.130434782608695652173913,62.934782608695652173913043,63.195652173913043478260869,72,92,11604,5790,5814
0.00101419878296,26,8,18,2.1813442524e-05,0.328498508265,0.00303531388773,0.000498139120159,66.055555555555555555555555,33.166666666666666666666666,32.888888888888888888888888,8,18,1189,597,592
0.00101419878296,26,19,7,9.5540946847e-06,0.360645151275,0.0246205365424,0.000639972454714,205.857142857142857142857142,97.285714285714285714285714,108.571428571428571428571428,19,7,1441,681,760
0.00101419878296,26,16,10,0.000101377996961,0.315007584553,0.0114333201977,0.000718539749882,45.8,24.8,21.0,16,10,458,248,210
0.00101419878296,26,11,15,0.000915032528181,0.396073768151,0.017236639464,0.000482555201254,171.6,80.533333333333333333333333,91.066666666666666666666666,11,15,2574,1208,1366
0.00101419878296,26,18,8,7.29750337389e-05,0.357231244126,0.0117380471612,0.000774055146459,115.625,52.125,63.5,18,8,925,417,508
0.00101419878296,26,17,9,5.51298433178e-05,0.328384168373,0.00411007962375,0.000851863327308,80.222222222222222222222222,37.333333333333333333333333,42.888888888888888888888888,17,9,722,336,386
0.00101419878296,26,17,9,4.03510708551e-05,0.324655098326,0.0119088836525,0.000720777927873,78.444444444444444444444444,41.888888888888888888888888,36.555555555555555555555555,17,9,706,377,329
0.00101419878296,26,18,8,0.000101557649199,0.359957159762,0.00955572723302,0.00074124666254,129.125,65.5,63.625,18,8,1033,524,509
0.00101419878296,26,13,13,0.000109085070467,0.383671295541,0.00720211325055,0.000568279330833,126.307692307692307692307692,56.615384615384615384615384,69.692307692307692307692307,13,13,1642,736,906
0.00101419878296,26,14,12,0.000179105911318,0.401809078252,0.0135918858394,0.000555441589608,203.333333333333333333333333,92.083333333333333333333333,111.25,14,12,2440,1105,1335
0.00101419878296,26,18,8,2.03708020877e-05,0.354014152246,0.0145537274978,0.000694846234023,147.5,71.875,75.625,18,8,1180,575,605
0.00101419878296,51,23,28,0.000484147219396,0.412526329574,0.0173775423854,0.000855689466842,128.285714285714285714285714,57.178571428571428571428571,71.107142857142857142857142,23,28,3592,1601,1991
0.00101419878296,51,29,22,0.000123496612684,0.341087388191,0.0163478567951,0.00113625842168,77.227272727272727272727272,40.727272727272727272727272,36.5,29,22,1699,896,803
0.00101419878296,51,25,26,0.000423692939888,0.395244120543,0.018382500485,0.000949989501434,103.230769230769230769230769,49.576923076923076923076923,53.653846153846153846153846,25,26,2684,1289,1395
0.00101419878296,51,26,25,0.000445511721265,0.383983604288,0.0176827908173,0.00103118879597,92.2,46.64,45.56,26,25,2305,1166,1139
0.00101419878296,51,27,24,0.000225833544778,0.381037041897,0.0200784624751,0.000857214664336,118.833333333333333333333333,56.416666666666666666666666,62.416666666666666666666666,27,24,2852,1354,1498
0.00101419878296,126,54,72,0.00348831068003,0.43237750492,0.0347396249391,0.0018779506103,96.805555555555555555555555,48.402777777777777777777777,48.402777777777777777777777,54,72,6970,3485,3485
0.00101419878296,17,10,7,2.50859822755e-05,0.35790884512,0.0109293944344,0.000446814157826,143.0,73.714285714285714285714285,69.285714285714285714285714,10,7,1001,516,485
0.00101419878296,17,8,9,8.54212156337e-05,0.334437332767,0.00256515996489,0.000520468469872,62.222222222222222222222222,30.0,32.222222222222222222222222,8,9,560,270,290
0.00101419878296,17,8,9,7.10241030736e-07,0.335269266431,0.00549640010712,0.000418917706343,123.222222222222222222222222,60.0,63.222222222222222222222222,8,9,1109,540,569
0.00101419878296,17,9,8,3.24685611173e-05,0.326339576526,0.00490779144558,0.000520990521721,68.375,36.25,32.125,9,8,547,290,257
0.00101419878296,17,9,8,2.59605877576e-05,0.378135357008,0.00756381883264,0.000433914606321,160.625,88.125,72.5,9,8,1285,705,580
0.00101419878296,17,9,8,1.71708036135e-05,0.324878689992,0.00469804766028,0.000463327253862,81.625,42.375,39.25,9,8,653,339,314
0.00101419878296,17,10,7,1.77332804302e-05,0.320791470839,0.00293147628744,0.000597197392,81.714285714285714285714285,41.142857142857142857142857,40.571428571428571428571428,10,7,572,288,284
0.00101419878296,17,9,8,8.46739749452e-06,0.370852089519,0.0139433188647,0.000414302205921,182.375,84.25,98.125,9,8,1459,674,785
0.00101419878296,17,8,9,6.42026369587e-06,0.341457732803,0.00792875661222,0.000409898175654,109.777777777777777777777777,55.0,54.777777777777777777777777,8,9,988,495,493
0.00101419878296,17,7,10,2.19761228538e-05,0.327131662877,0.00187768763212,0.000475630510224,75.5,38.6,36.9,7,10,755,386,369
0.00101419878296,247,135,112,0.0193927245321,0.477695045942,0.0940402398268,0.00469450610631,103.928571428571428571428571,50.419642857142857142857142,53.508928571428571428571428,135,112,11640,5647,5993
0.00101419878296,234,108,126,0.00869919021014,0.47793703938,0.109214135798,0.00338930515537,132.468253968253968253968253,65.007936507936507936507936,67.460317460317460317460317,108,126,16691,8191,8500
0.00101419878296,8,8,0,0.0,0.0,0.00370705254933,0.00047086033462,0.0,0.0,0.0,8,0,0,0,0
0.00101419878296,8,5,3,1.53057920162e-05,0.328612927808,0.00360417446978,0.000352987613039,109.333333333333333333333333,53.666666666666666666666666,55.666666666666666666666666,5,3,328,161,167
0.00101419878296,8,8,0,0.0,0.0,0.00607841118274,0.00042840234049,0.0,0.0,0.0,8,0,0,0,0
0.00101419878296,8,8,0,0.0,0.0,0.00456739850645,0.000389380978241,0.0,0.0,0.0,8,0,0,0,0
0.00101419878296,8,4,4,5.26140216112e-06,0.348007272496,0.00369903463203,0.000337755240616,177.5,90.0,87.5,4,4,710,360,350
0.00101419878296,8,4,4,0.000305159028637,0.317445395604,0.00195095614237,0.000299557411741,75.75,35.0,40.75,4,4,303,140,163
0.00101419878296,8,5,3,3.20813109147e-06,0.340349103801,0.00428217595367,0.000317757092937,182.666666666666666666666666,94.666666666666666666666666,88.0,5,3,548,284,264
0.00101419878296,8,4,4,2.84841993416e-05,0.331034286223,0.00188561579995,0.000324317009841,83.5,40.75,42.75,4,4,334,163,171
0.00101419878296,8,8,0,0.0,0.0,0.00752022577636,0.000405253711073,0.0,0.0,0.0,8,0,0,0,0
0.00101419878296,8,4,4,1.33357543281e-05,0.338395880824,0.00210065883013,0.000306223664197,143.25,73.75,69.5,4,4,573,295,278
0.00101419878296,8,8,0,0.0,0.0,0.00714240413601,0.000388323703844,0.0,0.0,0.0,8,0,0,0,0
0.00101419878296,8,4,4,1.61713677237e-05,0.333963793181,0.00135571437105,0.0002749590165,90.5,37.75,52.75,4,4,362,151,211
0.00101419878296,8,8,0,0.0,0.0,0.00450500059983,0.000416543940636,0.0,0.0,0.0,8,0,0,0,0
0.00101419878296,8,7,1,3.7104059593e-07,0.281458149086,0.00443596629004,0.000432747454308,34.0,15.0,19.0,7,1,34,15,19
0.00101419878296,8,5,3,2.88770972234e-05,0.302581050589,0.00492165231761,0.000305891014325,52.0,30.666666666666666666666666,21.333333333333333333333333,5,3,156,92,64
0.00101419878296,8,8,0,0.0,0.0,0.00932479347539,0.000443162944888,0.0,0.0,0.0,8,0,0,0,0
0.00101419878296,8,8,0,0.0,0.0,0.00389238842649,0.000362033724679,0.0,0.0,0.0,8,0,0,0,0
0.00101419878296,136,67,69,0.00592141563177,0.433370563039,0.049228876485,0.00231819856796,120.420289855072463768115942,58.623188405797101449275362,61.797101449275362318840579,67,69,8309,4045,4264
0.00101419878296,136,60,76,0.00564673871369,0.444812690116,0.0544326792666,0.00234195487952,126.842105263157894736842105,59.907894736842105263157894,66.93421052631578947368421,60,76,9640,4553,5087
0.00101419878296,147,72,75,0.00743337902821,0.463382964507,0.0628080999474,0.00242962663653,117.293333333333333333333333,56.346666666666666666666666,60.946666666666666666666666,72,75,8797,4226,4571
0.00101419878296,377,156,221,0.0254881370919,0.524428969281,0.135922668656,0.00525150476434,108.855203619909502262443438,53.683257918552036199095022,55.171945701357466063348416,156,221,24057,11864,12193
0.00101419878296,72,36,36,0.00259777849079,0.39507860793,0.023874522753,0.00198386066335,89.583333333333333333333333,43.805555555555555555555555,45.777777777777777777777777,36,36,3225,1577,1648
0.00101419878296,72,37,35,0.000474219395558,0.424021445275,0.0419368249542,0.00125852025351,157.514285714285714285714285,74.685714285714285714285714,82.828571428571428571428571,37,35,5513,2614,2899
0.00101419878296,72,35,37,0.0025082372861,0.412165887172,0.0229314586579,0.00154843315968,110.513513513513513513513513,53.0,57.513513513513513513513513,35,37,4089,1961,2128
0.00101419878296,72,42,30,0.00078220295167,0.403355158502,0.0373340912554,0.00140686744003,131.8,61.866666666666666666666666,69.933333333333333333333333,42,30,3954,1856,2098
0.00101419878296,72,33,39,0.00103898063582,0.416901332628,0.0296586743146,0.00114025568011,132.410256410256410256410256,60.820512820512820512820512,71.589743589743589743589743,33,39,5164,2372,2792
0.00101419878296,72,46,26,0.00121283901922,0.393759480691,0.0402148535487,0.00166793273262,99.5,47.038461538461538461538461,52.461538461538461538461538,46,26,2587,1223,1364
0.00101419878296,56,33,23,0.000306000616883,0.402323119717,0.0393756178808,0.00108824038127,168.565217391304347826086956,83.652173913043478260869565,84.913043478260869565217391,33,23,3877,1924,1953
0.00101419878296,56,33,23,0.000509523742898,0.387771358708,0.0261929738921,0.0011695200926,118.0,57.086956521739130434782608,60.913043478260869565217391,33,23,2714,1313,1401
0.00101419878296,56,31,25,7.11325844171e-05,0.363143847473,0.0253373331698,0.000994089623763,116.88,56.88,60.0,31,25,2922,1422,1500
0.00101419878296,56,34,22,0.000246431421515,0.38196263795,0.0252162481842,0.00118669846072,115.954545454545454545454545,55.363636363636363636363636,60.590909090909090909090909,34,22,2551,1218,1333
0.00101419878296,56,28,28,0.000648153475992,0.365819199587,0.0119198247541,0.00111391165446,71.642857142857142857142857,34.785714285714285714285714,36.857142857142857142857142,28,28,2006,974,1032
0.00101419878296,56,25,31,0.000284554462735,0.369979496367,0.019209707701,0.00102387962147,86.64516129032258064516129,44.258064516129032258064516,42.387096774193548387096774,25,31,2686,1372,1314
0.00101419878296,90,89,1,0.000538211313938,0.23939297532,0.0838059402576,0.00307429117218,20.0,8.0,12.0,89,1,20,8,12
0.00101419878296,200,92,108,0.013126549644,0.468444744655,0.0543484853047,0.00323278186627,94.37037037037037037037037,46.166666666666666666666666,48.203703703703703703703703,92,108,10192,4986,5206
0.00101419878296,261,117,144,0.0142252784052,0.487318034988,0.106924998543,0.00384376410873,116.75,57.263888888888888888888888,59.486111111111111111111111,117,144,16812,8246,8566
0.00101419878296,49,26,23,0.000217134549733,0.370997922035,0.0208378141913,0.00103642376644,90.130434782608695652173913,46.043478260869565217391304,44.086956521739130434782608,26,23,2073,1059,1014
0.00101419878296,49,24,25,0.000137678635566,0.374979219291,0.0160314601327,0.000842330613208,103.36,51.04,52.32,24,25,2584,1276,1308
0.00101419878296,49,22,27,0.000143166957677,0.385710431617,0.0178619865796,0.000795723647558,106.888888888888888888888888,54.555555555555555555555555,52.333333333333333333333333,22,27,2886,1473,1413
0.00101419878296,49,20,29,0.000306928971986,0.405087039818,0.0252670457746,0.000746399649202,137.103448275862068965517241,73.931034482758620689655172,63.172413793103448275862068,20,29,3976,2144,1832
0.00101419878296,49,26,23,0.00017832423698,0.386658899892,0.0237357809889,0.000903592792154,130.043478260869565217391304,68.478260869565217391304347,61.565217391304347826086956,26,23,2991,1575,1416
0.00101419878296,49,27,22,0.0016400878575,0.394747998216,0.0218674975166,0.00106990315147,131.045454545454545454545454,60.772727272727272727272727,70.272727272727272727272727,27,22,2883,1337,1546
0.00101419878296,49,29,20,0.000168666602041,0.385552805777,0.0241735407055,0.00104352568173,128.05,60.9,67.15,29,20,2561,1218,1343
0.00101419878296,231,60,171,0.0112187702303,0.491635078549,0.049516995631,0.00240821188692,85.532163742690058479532163,43.175438596491228070175438,42.356725146198830409356725,60,171,14626,7383,7243
0.00101419878296,99,47,52,0.00146321345074,0.380729505947,0.0274286589296,0.00182952861856,71.538461538461538461538461,36.26923076923076923076923,35.26923076923076923076923,47,52,3720,1886,1834
0.00101419878296,99,40,59,0.00348444347011,0.430601422061,0.0327461815354,0.00171831663485,112.050847457627118644067796,53.423728813559322033898305,58.627118644067796610169491,40,59,6611,3152,3459
0.00101419878296,197,103,94,0.00725890116328,0.462021408294,0.0965586067752,0.00336165652646,135.255319148936170212765957,64.351063829787234042553191,70.904255319148936170212765,103,94,12714,6049,6665
0.00101419878296,216,102,114,0.00762507831936,0.473380690284,0.0886690656575,0.00311488029412,132.043859649122807017543859,62.307017543859649122807017,69.736842105263157894736842,102,114,15053,7103,7950
0.00101419878296,216,103,113,0.00783034184273,0.472196053922,0.0953051223101,0.00313313795322,127.840707964601769911504424,61.99115044247787610619469,65.849557522123893805309734,103,113,14446,7005,7441
0.00101419878296,156,75,81,0.00562064608315,0.438608886907,0.0519461731309,0.00276418564784,99.691358024691358024691358,48.567901234567901234567901,51.123456790123456790123456,75,81,8075,3934,4141
0.00101419878296,238,110,128,0.0131423549492,0.482581951783,0.0948795950487,0.00417374640573,128.671875,62.34375,66.328125,110,128,16470,7980,8490
0.00101419878296,65,38,27,0.000479234628618,0.406483289847,0.0277971842935,0.00128960936219,133.592592592592592592592592,64.925925925925925925925925,68.666666666666666666666666,38,27,3607,1753,1854
0.00101419878296,65,33,32,0.00106192247441,0.40948251551,0.0306417258957,0.00118171313811,125.90625,60.78125,65.125,33,32,4029,1945,2084
0.00101419878296,65,28,37,0.00145021454048,0.353218912668,0.0109741916139,0.00138360603724,65.054054054054054054054054,32.27027027027027027027027,32.783783783783783783783783,28,37,2407,1194,1213
0.00101419878296,65,36,29,0.000465705321504,0.41055166046,0.033703883327,0.00130219891684,150.620689655172413793103448,71.379310344827586206896551,79.241379310344827586206896,36,29,4368,2070,2298
0.00101419878296,65,30,35,0.000660313431207,0.365961099975,0.00950924655078,0.00152039257846,68.885714285714285714285714,33.542857142857142857142857,35.342857142857142857142857,30,35,2411,1174,1237
0.00101419878296,106,46,60,0.00290458663448,0.446496789274,0.0525042121426,0.00153238141027,143.8,68.616666666666666666666666,75.183333333333333333333333,46,60,8628,4117,4511
0.00101419878296,106,52,54,0.00244128744076,0.428645032138,0.0398270449894,0.00172712750989,125.074074074074074074074074,59.462962962962962962962962,65.611111111111111111111111,52,54,6754,3211,3543
0.00101419878296,193,81,112,0.00464940888084,0.464981624315,0.0759745672617,0.00239702393966,118.3125,55.991071428571428571428571,62.321428571428571428571428,81,112,13251,6271,6980
0.00101419878296,167,73,94,0.00882267122825,0.448619931401,0.0588367385172,0.00239856832886,100.489361702127659574468085,49.202127659574468085106382,51.287234042553191489361702,73,94,9446,4625,4821
0.00101419878296,167,86,81,0.00611566262662,0.443349490477,0.0776729884349,0.00294963562687,122.432098765432098765432098,59.19753086419753086419753,63.234567901234567901234567,86,81,9917,4795,5122
0.00101419878296,38,15,23,0.000161045331438,0.366529804093,0.00649480641001,0.000691837491804,70.869565217391304347826086,33.043478260869565217391304,37.826086956521739130434782,15,23,1630,760,870
0.00101419878296,38,18,20,0.000150772321518,0.358044673904,0.0132984618277,0.000693827595512,86.0,43.15,42.85,18,20,1720,863,857
0.00101419878296,38,25,13,0.00120995773401,0.377832485277,0.0201687672006,0.000919392522313,113.538461538461538461538461,49.923076923076923076923076,63.615384615384615384615384,25,13,1476,649,827
0.00101419878296,38,20,18,0.000202439331825,0.352954626164,0.0115937755909,0.000781022462495,69.388888888888888888888888,34.277777777777777777777777,35.111111111111111111111111,20,18,1249,617,632
0.00101419878296,38,19,19,0.000137130362586,0.388409928257,0.0186241536809,0.000764581404035,153.947368421052631578947368,71.105263157894736842105263,82.842105263157894736842105,19,19,2925,1351,1574
0.00101419878296,38,21,17,0.00018239135898,0.368102893381,0.0153661760202,0.000836950412129,115.764705882352941176470588,58.941176470588235294117647,56.823529411764705882352941,21,17,1968,1002,966
0.00101419878296,38,17,21,4.84335061778e-05,0.360783065291,0.0122617143803,0.000654812220937,106.523809523809523809523809,50.428571428571428571428571,56.095238095238095238095238,17,21,2237,1059,1178
0.00101419878296,38,22,16,0.000533377828363,0.380575924056,0.0138363193788,0.00125304936739,142.6875,67.25,75.4375,22,16,2283,1076,1207
0.00101419878296,38,20,18,0.000321191276132,0.373199254642,0.0134681827589,0.000865466446157,107.5,53.277777777777777777777777,54.222222222222222222222222,20,18,1935,959,976
0.00101419878296,38,19,19,0.000227709154071,0.329301122421,0.00469086484889,0.000890877807295,66.263157894736842105263157,32.68421052631578947368421,33.578947368421052631578947,19,19,1259,621,638
0.00101419878296,38,20,18,8.4049936539e-05,0.405087039818,0.022441423094,0.000778993047693,204.277777777777777777777777,98.666666666666666666666666,105.611111111111111111111111,20,18,3677,1776,1901
0.00101419878296,38,20,18,0.000468312973279,0.36695749348,0.0102482758681,0.000965307396903,78.611111111111111111111111,40.111111111111111111111111,38.5,20,18,1415,722,693
0.00101419878296,47,23,24,0.00027549249461,0.35886181656,0.0118882983796,0.000873483965603,81.916666666666666666666666,41.5,40.416666666666666666666666,23,24,1966,996,970
0.00101419878296,47,23,24,0.000141531666144,0.365535728685,0.0165943528672,0.000932346702858,94.25,46.291666666666666666666666,47.958333333333333333333333,23,24,2262,1111,1151
0.00101419878296,47,32,15,0.000127310552327,0.367100278497,0.0209237527885,0.00110004879331,128.333333333333333333333333,61.933333333333333333333333,66.4,32,15,1925,929,996
0.00101419878296,47,16,31,0.00102661118975,0.383048199649,0.0131607724026,0.00072920280487,63.838709677419354838709677,32.967741935483870967741935,30.870967741935483870967741,16,31,1979,1022,957
0.00101419878296,47,23,24,0.000255417906473,0.40948251551,0.0263892507384,0.000828843083077,172.583333333333333333333333,82.416666666666666666666666,90.166666666666666666666666,23,24,4142,1978,2164
0.00101419878296,47,20,27,0.000364399105662,0.413249108951,0.0204641127431,0.000759530903618,151.851851851851851851851851,71.074074074074074074074074,80.777777777777777777777777,20,27,4100,1919,2181
0.00101419878296,47,24,23,0.000237447974431,0.405261046278,0.0229289896682,0.000835387930981,162.434782608695652173913043,77.173913043478260869565217,85.260869565217391304347826,24,23,3736,1775,1961
0.00101419878296,47,22,25,0.000356457512131,0.385395308716,0.0182403857546,0.000836845953213,113.52,54.28,59.24,22,25,2838,1357,1481
0.00101419878296,47,25,22,0.000361158266805,0.383671295541,0.0207977398855,0.000957782635886,119.181818181818181818181818,59.636363636363636363636363,59.545454545454545454545454,25,22,2622,1312,1310
0.00101419878296,47,28,19,0.000109425793053,0.366103110491,0.0182308460504,0.00102359697861,114.157894736842105263157894,55.263157894736842105263157,58.894736842105263157894736,28,19,2169,1050,1119
0.00101419878296,47,24,23,0.000126444931549,0.389532500304,0.0175715221211,0.000847294249445,130.0,59.60869565217391304347826,70.391304347826086956521739,24,23,2990,1371,1619
0.00101419878296,47,22,25,0.000151141148683,0.374235508027,0.0144796106228,0.000989539811816,96.16,49.48,46.68,22,25,2404,1237,1167
0.00101419878296,142,73,69,0.0053049567221,0.433370563039,0.0699222854724,0.00260258272515,125.014492753623188405797101,58.449275362318840579710144,66.565217391304347826086956,73,69,8626,4033,4593
0.00101419878296,142,76,66,0.00451911741091,0.434568270721,0.0711073508125,0.00285708180532,137.90909090909090909090909,67.651515151515151515151515,70.257575757575757575757575,76,66,9102,4465,4637
0.00101419878296,142,69,73,0.00306645741461,0.441689005494,0.0615707403421,0.00230476280075,127.863013698630136986301369,63.260273972602739726027397,64.602739726027397260273972,69,73,9334,4618,4716
0.00101419878296,142,67,75,0.00438251171814,0.4427253476,0.0623888214462,0.00219313429866,121.56,58.093333333333333333333333,63.466666666666666666666666,67,75,9117,4357,4760
0.00101419878296,22,11,11,4.73924423092e-05,0.333138317703,0.0058272511665,0.000574481963428,67.727272727272727272727272,34.818181818181818181818181,32.90909090909090909090909,11,11,745,383,362
0.00101419878296,22,11,11,5.88204797372e-05,0.377077424355,0.00850321247814,0.000608273803151,149.818181818181818181818181,74.181818181818181818181818,75.636363636363636363636363,11,11,1648,816,832
0.00101419878296,22,9,13,0.000212274505001,0.347366611096,0.00470092623727,0.000537928261167,71.230769230769230769230769,40.076923076923076923076923,31.153846153846153846153846,9,13,926,521,405
0.00101419878296,22,20,2,4.07942357742e-06,0.313437779314,0.013194819315,0.000735573374296,110.0,51.0,59.0,20,2,220,102,118
0.00101419878296,22,8,14,0.000507042811631,0.336584985992,0.00326512542025,0.000499763370244,70.214285714285714285714285,33.428571428571428571428571,36.785714285714285714285714,8,14,983,468,515
0.00101419878296,22,7,15,0.000104683534731,0.369255466042,0.00677451473074,0.000380926222939,105.4,54.4,51.0,7,15,1581,816,765
0.00101419878296,22,11,11,0.000543772675973,0.369255466042,0.00524652909995,0.000624858548731,120.0,57.181818181818181818181818,62.818181818181818181818181,11,11,1320,629,691
0.00101419878296,22,13,9,0.000100001543692,0.353748674817,0.00580441021394,0.000573751042736,116.444444444444444444444444,52.555555555555555555555555,63.888888888888888888888888,13,9,1048,473,575
0.00101419878296,22,13,9,3.42390600611e-05,0.365819199587,0.0114180343577,0.000580985337698,158.777777777777777777777777,77.666666666666666666666666,81.111111111111111111111111,13,9,1429,699,730
0.00101419878296,128,62,66,0.00388091046339,0.4427253476,0.0592060173489,0.00204956223113,132.863636363636363636363636,63.560606060606060606060606,69.30303030303030303030303,62,66,8769,4195,4574
0.00101419878296,133,67,66,0.00722829152901,0.431388987534,0.0369886887754,0.00303617107643,102.090909090909090909090909,50.212121212121212121212121,51.878787878787878787878787,67,66,6738,3314,3424
0.00101419878296,250,126,124,0.014499380033,0.488326975019,0.107703060286,0.00409704767112,118.758064516129032258064516,56.93548387096774193548387,61.822580645161290322580645,126,124,14726,7060,7666
0.00101419878296,122,59,63,0.00385714757976,0.41433803941,0.0434741267344,0.00190866175154,101.825396825396825396825396,49.253968253968253968253968,52.571428571428571428571428,59,63,6415,3103,3312
0.00101419878296,122,64,58,0.0029812288614,0.423450500779,0.0574866407433,0.00190609789062,126.586206896551724137931034,60.224137931034482758620689,66.362068965517241379310344,64,58,7342,3493,3849
0.00101419878296,122,62,60,0.00284590167963,0.429425450949,0.0488999009592,0.00215224153168,114.366666666666666666666666,54.883333333333333333333333,59.483333333333333333333333,62,60,6862,3293,3569
0.00101419878296,122,57,65,0.00192661075837,0.43820144716,0.0553091806943,0.00166159954224,140.123076923076923076923076,65.246153846153846153846153,74.876923076923076923076923,57,65,9108,4241,4867
0.00101419878296,122,39,83,0.00607288755295,0.437591704887,0.0293937386963,0.00136840237688,81.0,40.421686746987951807228915,40.578313253012048192771084,39,83,6723,3355,3368
0.00101419878296,122,53,69,0.00341276352836,0.407009368307,0.0254694478954,0.00201157811491,74.927536231884057971014492,37.985507246376811594202898,36.942028985507246376811594,53,69,5170,2621,2549
0.00101419878296,163,85,78,0.00521139287054,0.456212628499,0.0718752370208,0.00264249854316,128.051282051282051282051282,61.410256410256410256410256,66.641025641025641025641025,85,78,9988,4790,5198
0.00101419878296,63,32,31,0.00236207776638,0.398247241763,0.0289409073501,0.00112807409904,127.64516129032258064516129,60.516129032258064516129032,67.129032258064516129032258,32,31,3957,1876,2081
0.00101419878296,63,32,31,0.00146400501093,0.403182784503,0.0171826991956,0.0011836619828,93.580645161290322580645161,43.419354838709677419354838,50.161290322580645161290322,32,31,2901,1346,1555
0.00101419878296,13,6,7,3.40059069508e-05,0.339981158824,0.00397092611229,0.000394148355965,103.857142857142857142857142,54.571428571428571428571428,49.285714285714285714285714,6,7,727,382,345
0.00101419878296,13,6,7,3.21022929409e-05,0.316805814552,0.00178409765507,0.000420847459076,56.142857142857142857142857,28.142857142857142857142857,28.0,6,7,393,197,196
0.00101419878296,13,9,4,2.00264724619e-05,0.330454541414,0.00706835429569,0.00046644098688,98.0,49.5,48.5,9,4,392,198,194
0.00101419878296,13,8,5,4.51439836658e-05,0.345838605475,0.00348207475339,0.000473103127694,138.8,69.8,69.0,8,5,694,349,345
0.00101419878296,13,13,0,0.0,0.0,0.00580808407253,0.000678157875128,0.0,0.0,0.0,13,0,0,0,0
0.00101419878296,13,7,6,1.25114167325e-05,0.342822571125,0.0061516927011,0.000426422084744,114.833333333333333333333333,58.333333333333333333333333,56.5,7,6,689,350,339
0.00101419878296,13,6,7,8.01165587025e-05,0.352558937121,0.00417103675856,0.000378738645262,137.285714285714285714285714,65.0,72.285714285714285714285714,6,7,961,455,506
0.00101419878296,13,8,5,1.11419687482e-05,0.347111006525,0.00618533800512,0.000425045260033,127.2,57.2,70.0,8,5,636,286,350
0.00101419878296,13,7,6,1.3307541297e-05,0.347622592386,0.00438959933346,0.000462577254908,110.0,52.5,57.5,7,6,660,315,345
0.00101419878296,13,10,3,6.72346471015e-05,0.336344996697,0.0079162977995,0.000650094179397,121.0,56.333333333333333333333333,64.666666666666666666666666,10,3,363,169,194
0.00101419878296,13,7,6,8.84939088991e-06,0.348007272496,0.00438959933346,0.000462577254908,111.166666666666666666666666,53.0,58.166666666666666666666666,7,6,667,318,349
0.00101419878296,4,4,0,0.0,0.0,0.00372035011219,0.000327858987091,0.0,0.0,0.0,4,0,0,0,0
0.00101419878296,4,4,0,0.0,0.0,0.00236879531743,0.000442668372378,0.0,0.0,0.0,4,0,0,0,0
0.00101419878296,4,4,0,0.0,0.0,0.00163648949484,0.000338378057675,0.0,0.0,0.0,4,0,0,0,0
0.00101419878296,4,2,2,0.0,0.27987176379,0.000584754712878,0.000269217770338,41.5,22.0,19.5,2,2,83,44,39
0.00101419878296,4,3,1,1.20165546595e-05,0.316062886344,0.000303819152387,0.000378449856896,228.0,127.0,101.0,3,1,228,127,101
0.00101419878296,4,2,2,0.0,0.319596109667,0.00154225718656,0.00025401776215,110.0,47.5,62.5,2,2,220,95,125
0.00101419878296,4,4,0,0.0,0.0,0.00291604714567,0.00030948238639,0.0,0.0,0.0,4,0,0,0,0
0.00101419878296,4,2,2,0.0,0.308014272196,0.00171477194093,0.000277124953356,108.0,58.5,49.5,2,2,216,117,99
0.00101419878296,4,4,0,0.0,0.0,0.0058789000197,0.000317977944786,0.0,0.0,0.0,4,0,0,0,0
0.00101419878296,4,4,0,0.0,0.0,0.0043752323329,0.000295613538978,0.0,0.0,0.0,4,0,0,0,0
0.00101419878296,4,3,1,4.12694482275e-07,0.290918197883,0.00150711269567,0.000280738848915,55.0,28.0,27.0,3,1,55,28,27
0.00101419878296,4,1,3,4.51125036727e-06,0.316699468189,0.000146451581206,0.000283777596216,97.333333333333333333333333,55.666666666666666666666666,41.666666666666666666666666,1,3,292,167,125
0.00101419878296,4,3,1,0.0,0.247884318375,0.000783833200886,0.000348887063272,20.0,11.0,9.0,3,1,20,11,9
0.00101419878296,4,1,3,0.0,0.31208988281,0.000202578564973,0.000242313334951,75.666666666666666666666666,41.333333333333333333333333,34.333333333333333333333333,1,3,227,124,103
0.00101419878296,4,3,1,0.000846023688663,0.234746881248,0.00310088689549,0.000268608729105,2.0,1.0,1.0,3,1,2,1,1
0.00101419878296,4,4,0,0.0,0.0,9.3092053153e-05,0.000481816956667,0.0,0.0,0.0,4,0,0,0,0
0.00101419878296,4,4,0,0.0,0.0,0.00220130575397,0.000300213737373,0.0,0.0,0.0,4,0,0,0,0
0.00101419878296,4,4,0,0.0,0.0,0.000764438681847,0.00031807445306,0.0,0.0,0.0,4,0,0,0,0
0.00101419878296,4,4,0,0.0,0.0,0.00301562374425,0.000321227349178,0.0,0.0,0.0,4,0,0,0,0
0.00101419878296,4,3,1,1.95177677247e-07,0.295937175576,0.00309352281851,0.000283554242509,117.0,60.0,57.0,3,1,117,60,57
0.00101419878296,4,4,0,0.0,0.0,0.00323048827939,0.000317912057494,0.0,0.0,0.0,4,0,0,0,0
0.00101419878296,4,3,1,3.5609089233e-07,0.290918197883,0.00106325633099,0.000322305874022,55.0,28.0,27.0,3,1,55,28,27
0.00101419878296,4,2,2,0.0,0.315745554129,0.00113321547786,0.00026814020359,132.0,68.5,63.5,2,2,264,137,127
0.00101419878296,4,3,1,5.51139246383e-07,0.299317168698,0.00317396450241,0.00023503364651,108.0,61.0,47.0,3,1,108,61,47
0.00101419878296,4,2,2,0.000109081505237,0.326226734349,0.00276546274149,0.000254018775903,127.0,64.5,62.5,2,2,254,129,125
0.00101419878296,4,4,0,0.0,0.0,0.00274913778348,0.000287144432817,0.0,0.0,0.0,4,0,0,0,0
0.00101419878296,4,4,0,0.0,0.0,0.00290730030996,0.000322554965996,0.0,0.0,0.0,4,0,0,0,0
0.00101419878296,4,4,0,0.0,0.0,0.00237538074614,0.000306394334615,0.0,0.0,0.0,4,0,0,0,0
0.00101419878296,4,3,1,1.64706623047e-06,0.286936653204,0.00109200403898,0.000293552224914,60.0,37.0,23.0,3,1,60,37,23
0.00101419878296,116,63,53,0.00369946119223,0.433171586656,0.0504228143601,0.00243542468976,131.113207547169811320754716,61.716981132075471698113207,69.396226415094339622641509,63,53,6949,3271,3678
0.00101419878296,116,54,62,0.0049281192575,0.427479708082,0.0268255512577,0.00260912240417,92.306451612903225806451612,44.806451612903225806451612,47.5,54,62,5723,2778,2945
0.00101419878296,116,53,63,0.00321648335402,0.440451781389,0.0492466474359,0.00201238810405,101.523809523809523809523809,51.412698412698412698412698,50.111111111111111111111111,53,63,6396,3239,3157
0.00101419878296,116,61,55,0.00158545417068,0.417639537732,0.0547464040861,0.00189033600562,122.436363636363636363636363,60.181818181818181818181818,62.254545454545454545454545,61,55,6734,3310,3424
0.00101419878296,116,41,75,0.00331514777105,0.418194909457,0.0292289132509,0.00156095887629,73.053333333333333333333333,38.12,34.933333333333333333333333,41,75,5479,2859,2620
0.00101419878296,68,28,40,0.00159916822021,0.391797224143,0.0188418109167,0.00104039419454,93.975,46.75,47.225,28,40,3759,1870,1889
0.00101419878296,68,34,34,0.00126879466063,0.415067186861,0.0345802575925,0.00150526039744,133.323529411764705882352941,63.852941176470588235294117,69.470588235294117647058823,34,34,4533,2171,2362
0.00101419878296,68,28,40,0.000781168381872,0.396240115807,0.0151045952388,0.00113291397872,79.525,39.25,40.275,28,40,3181,1570,1611
0.00101419878296,86,45,41,0.00236705847448,0.430208716706,0.0364878654551,0.00144760566003,146.268292682926829268292682,69.292682926829268292682926,76.975609756097560975609756,45,41,5997,2841,3156
0.00101419878296,86,45,41,0.0019083059771,0.400955255306,0.0372258000249,0.00149308926873,107.390243902439024390243902,52.31707317073170731707317,55.073170731707317073170731,45,41,4403,2145,2258
0.00101419878296,86,40,46,0.00100733091399,0.422881091769,0.0341181471765,0.00146181487569,134.347826086956521739130434,66.630434782608695652173913,67.717391304347826086956521,40,46,6180,3065,3115
0.00101419878296,86,48,38,0.00209890342359,0.402494759273,0.0322013497244,0.00197293616749,98.605263157894736842105263,48.868421052631578947368421,49.736842105263157894736842,48,38,3747,1857,1890
0.00101419878296,86,39,47,0.00125313639887,0.370269904135,0.014802857171,0.00170151485303,62.93617021276595744680851,32.106382978723404255319148,30.829787234042553191489361,39,47,2958,1509,1449
0.00101419878296,211,100,111,0.00689271670901,0.469844479948,0.100371122374,0.00299576718492,133.558558558558558558558558,64.0,69.558558558558558558558558,100,111,14825,7104,7721
0.00101419878296,52,24,28,0.000626875664478,0.390823411655,0.010415733368,0.00110165558133,88.678571428571428571428571,42.857142857142857142857142,45.821428571428571428571428,24,28,2483,1200,1283
0.00101419878296,52,25,27,0.000455932054364,0.365819199587,0.020355796642,0.000918932275018,109.851851851851851851851851,52.037037037037037037037037,57.814814814814814814814814,25,27,2966,1405,1561
0.00101419878296,52,27,25,0.000867289013726,0.375576319959,0.00991569628689,0.00113531869131,76.52,37.92,38.6,27,25,1913,948,965
0.00101419878296,52,29,23,0.00082018299501,0.397575944263,0.0159358737438,0.00117450742899,109.652173913043478260869565,52.826086956521739130434782,56.826086956521739130434782,29,23,2522,1215,1307
0.00101419878296,52,21,31,0.000249617114986,0.373346939349,0.0126908905731,0.000866435601215,81.580645161290322580645161,42.354838709677419354838709,39.225806451612903225806451,21,31,2529,1313,1216
0.00101419878296,52,18,34,0.00132612582038,0.399765981244,0.0165454976705,0.000871466501696,118.176470588235294117647058,59.117647058823529411764705,59.058823529411764705882352,18,34,4018,2010,2008
0.00101419878296,52,26,26,0.00144500188086,0.396073768151,0.0247171348411,0.00118719478883,125.846153846153846153846153,60.692307692307692307692307,65.153846153846153846153846,26,26,3272,1578,1694
0.00101419878296,52,26,26,0.00131257753438,0.390015591458,0.0118389328598,0.000963830496514,88.192307692307692307692307,40.423076923076923076923076,47.76923076923076923076923,26,26,2293,1051,1242
0.00101419878296,52,31,21,0.000333345766947,0.371582400841,0.0241966757459,0.00105695988994,109.714285714285714285714285,53.047619047619047619047619,56.666666666666666666666666,31,21,2304,1114,1190
0.00101419878296,27,16,11,6.23872148303e-05,0.35669100784,0.0126218461013,0.000685641912175,123.363636363636363636363636,59.272727272727272727272727,64.090909090909090909090909,16,11,1357,652,705
0.00101419878296,27,5,22,6.99453586148e-05,0.372462580235,0.0037333885506,0.000297356565477,95.590909090909090909090909,49.136363636363636363636363,46.454545454545454545454545,5,22,2103,1081,1022
0.00101419878296,27,13,14,1.74871961854e-05,0.344449695413,0.00850605608002,0.000568309556493,101.785714285714285714285714,49.571428571428571428571428,52.214285714285714285714285,13,14,1425,694,731
0.00101419878296,27,16,11,9.72801699508e-05,0.361059210002,0.0100939222273,0.000669152432261,102.818181818181818181818181,51.0,51.818181818181818181818181,16,11,1131,561,570
0.00101419878296,27,14,13,5.5085074539e-05,0.360232041136,0.00886939662288,0.000787101411279,93.307692307692307692307692,42.230769230769230769230769,51.076923076923076923076923,14,13,1213,549,664
0.00101419878296,27,13,14,0.000376402038801,0.392285952489,0.00836837560309,0.000564610154337,126.928571428571428571428571,59.571428571428571428571428,67.357142857142857142857142,13,14,1777,834,943
0.00101419878296,77,45,32,0.000791992083567,0.398415420497,0.0491597704777,0.00148984319132,145.84375,72.9375,72.90625,45,32,4667,2334,2333
0.00101419878296,77,31,46,0.00114363853156,0.422691628914,0.0318195410549,0.00109860866029,134.130434782608695652173913,67.173913043478260869565217,66.956521739130434782608695,31,46,6170,3090,3080
0.00101419878296,77,38,39,0.00059046182367,0.423070724545,0.0428392980387,0.00135967513383,169.846153846153846153846153,79.692307692307692307692307,90.153846153846153846153846,38,39,6624,3108,3516
0.00101419878296,77,38,39,0.00089712907074,0.416349389116,0.0310929920968,0.00128888828719,137.461538461538461538461538,64.358974358974358974358974,73.102564102564102564102564,38,39,5361,2510,2851
0.00101419878296,77,40,37,0.00177695812395,0.402151626486,0.0239881490029,0.00144953911956,86.972972972972972972972972,41.891891891891891891891891,45.081081081081081081081081,40,37,3218,1550,1668
0.00101419878296,77,46,31,0.000382196446896,0.380269131695,0.0343244457031,0.00153311940767,118.0,58.161290322580645161290322,59.838709677419354838709677,46,31,3658,1803,1855
0.00101419878296,77,44,33,0.00177180272362,0.415798905128,0.0280513968893,0.00164286815768,110.484848484848484848484848,51.030303030303030303030303,59.454545454545454545454545,44,33,3646,1684,1962
0.00101419878296,64,28,36,0.0024140082484,0.411446888677,0.0258608959231,0.00109171846459,116.805555555555555555555555,55.833333333333333333333333,60.972222222222222222222222,28,36,4205,2010,2195
0.00101419878296,64,39,25,0.000887728440268,0.372462580235,0.0226047006173,0.00149797963067,84.92,42.2,42.72,39,25,2123,1055,1068
0.00101419878296,64,38,26,0.00109853719595,0.385395308716,0.0235424640943,0.00147430386751,107.384615384615384615384615,52.653846153846153846153846,54.730769230769230769230769,38,26,2792,1369,1423
0.00101419878296,64,35,29,0.00108232917725,0.380575924056,0.0218548668563,0.00142885097231,80.27586206896551724137931,40.0,40.27586206896551724137931,35,29,2328,1160,1168
0.00101419878296,87,39,48,0.000829312075594,0.382892741776,0.0292980068674,0.00140701409531,87.625,45.0625,42.5625,39,48,4206,2163,2043
0.00101419878296,102,9,93,0.00334558569308,0.438405072368,0.00762421218811,0.000424976521002,59.118279569892473118279569,29.817204301075268817204301,29.301075268817204301075268,9,93,5498,2773,2725
0.00101419878296,102,50,52,0.00131586646268,0.398920810036,0.0320627075249,0.00198346819347,102.26923076923076923076923,50.865384615384615384615384,51.403846153846153846153846,50,52,5318,2645,2673
0.00101419878296,43,21,22,0.000264260256675,0.402666545342,0.0229434504382,0.000810273663739,173.5,81.727272727272727272727272,91.772727272727272727272727,21,22,3817,1798,2019
0.00101419878296,43,21,22,0.00107475782619,0.397241143468,0.0127634696452,0.0010043903856,106.772727272727272727272727,50.272727272727272727272727,56.5,21,22,2349,1106,1243
0.00101419878296,43,20,23,0.000370675707103,0.375725892368,0.0102281217134,0.000954565263381,80.086956521739130434782608,37.913043478260869565217391,42.173913043478260869565217,20,23,1842,872,970
0.00101419878296,43,27,16,0.000561842281959,0.367100278497,0.0159697761416,0.00123627358493,108.8125,51.125,57.6875,27,16,1741,818,923
0.00101419878296,43,24,19,0.000141004347971,0.386500498048,0.01780813941,0.000910411831733,132.0,65.473684210526315789473684,66.526315789473684210526315,24,19,2508,1244,1264
0.00101419878296,43,21,22,9.12044603318e-05,0.346473637802,0.0161575407917,0.000817247131423,101.045454545454545454545454,48.636363636363636363636363,52.40909090909090909090909,21,22,2223,1070,1153
0.00101419878296,43,37,6,0.000245219583427,0.350463490244,0.0304310663795,0.00130472461906,118.166666666666666666666666,55.0,63.166666666666666666666666,37,6,709,330,379
0.00101419878296,43,27,16,0.000267056553943,0.324543417866,0.00587227472302,0.00125618675792,50.1875,26.1875,24.0,27,16,803,419,384
0.00101419878296,93,46,47,0.00130645139153,0.428450370452,0.0427627077766,0.00145035697115,158.191489361702127659574468,78.148936170212765957446808,80.042553191489361702127659,46,47,7435,3673,3762
0.00101419878296,93,49,44,0.00205231375026,0.412706787286,0.0360465728472,0.00167262987993,108.204545454545454545454545,52.068181818181818181818181,56.136363636363636363636363,49,44,4761,2291,2470
0.00101419878296,93,51,42,0.00165609738538,0.419310095883,0.0450725104306,0.00165667759667,102.809523809523809523809523,48.142857142857142857142857,54.666666666666666666666666,51,42,4318,2022,2296
0.00101419878296,34,16,18,0.000687344146059,0.367243174673,0.0087968303201,0.000873885119458,82.611111111111111111111111,41.777777777777777777777777,40.833333333333333333333333,16,18,1487,752,735
0.00101419878296,34,17,17,0.000194742096549,0.38825008878,0.0144992076019,0.000750101394195,135.235294117647058823529411,65.117647058823529411764705,70.117647058823529411764705,17,17,2299,1107,1192
0.00101419878296,34,2,32,0.000883717204409,0.391797224143,0.00131546975337,0.000253769966837,99.5625,50.65625,48.90625,2,32,3186,1621,1565
0.00101419878296,34,16,18,0.00234943655339,0.407009368307,0.0220862077846,0.000871048127499,218.944444444444444444444444,99.555555555555555555555555,119.388888888888888888888888,16,18,3941,1792,2149
0.00101419878296,34,15,19,0.00121270053642,0.394913233879,0.00873250230332,0.00111083262373,120.789473684210526315789473,54.736842105263157894736842,66.052631578947368421052631,15,19,2295,1040,1255
0.00101419878296,34,17,17,0.000147229013342,0.338517300228,0.00585154880692,0.000831704811503,69.882352941176470588235294,36.764705882352941176470588,33.117647058823529411764705,17,17,1188,625,563
0.00101419878296,34,20,14,7.4688136871e-05,0.3850807003,0.0118356781774,0.000810381977638,123.071428571428571428571428,56.0,67.071428571428571428571428,20,14,1723,784,939
0.00101419878296,34,17,17,0.000318079821307,0.390499882341,0.00977440888868,0.00076280318845,103.941176470588235294117647,48.529411764705882352941176,55.41176470588235294117647,17,17,1767,825,942
0.00101419878296,34,21,13,0.00023412195579,0.362724996438,0.0142077186135,0.000997469133049,107.846153846153846153846153,54.307692307692307692307692,53.538461538461538461538461,21,13,1402,706,696
0.00101419878296,34,10,24,2.79927989467e-05,0.357096031694,0.00755829184537,0.000479087981339,84.708333333333333333333333,42.541666666666666666666666,42.166666666666666666666666,10,24,2033,1021,1012
0.00101419878296,34,18,16,0.000173026287668,0.382737410035,0.0157192060369,0.000734694038382,132.0,64.125,67.875,18,16,2112,1026,1086
0.00101419878296,34,10,24,0.00019182457166,0.385868186395,0.0112544985871,0.000435308242771,115.625,60.333333333333333333333333,55.291666666666666666666666,10,24,2775,1448,1327
0.00101419878296,18,18,0,0.0,0.0,0.0129932934002,0.000605337683493,0.0,0.0,0.0,18,0,0,0,0
0.00101419878296,18,5,13,0.000904670815263,0.384609749587,0.00711973680743,0.000314684417431,161.0,75.76923076923076923076923,85.230769230769230769230769,5,13,2093,985,1108
0.00101419878296,18,15,3,5.21336671778e-06,0.315428858487,0.00775586932182,0.000670174133708,115.666666666666666666666666,60.0,55.666666666666666666666666,15,3,347,180,167
0.00101419878296,18,8,10,3.80830715332e-05,0.363844086285,0.00595858315562,0.000429309436912,121.1,58.1,63.0,8,10,1211,581,630
0.00101419878296,18,10,8,4.11914444964e-05,0.335627077814,0.00588659330078,0.000579197542416,75.125,37.625,37.5,10,8,601,301,300
0.00101419878296,18,8,10,4.22908569171e-05,0.335031149054,0.00437487233444,0.000441031727623,67.7,32.5,35.2,8,10,677,325,352
0.00101419878296,18,10,8,0.000184994457432,0.331732670793,0.00364804895553,0.000529614397054,46.0,22.125,23.875,10,8,368,177,191
0.00101419878296,9,8,1,3.23815080415e-07,0.281542141372,0.00395219531668,0.000466015008018,72.0,36.0,36.0,8,1,72,36,36
0.00101419878296,9,4,5,0.0,0.319812784995,0.00275217142222,0.000334860116418,86.2,44.4,41.8,4,5,431,222,209
0.00101419878296,9,8,1,2.43821418987e-06,0.300556774685,0.0045259694462,0.000419943027199,96.0,45.0,51.0,8,1,96,45,51
0.00101419878296,9,1,8,1.41281132618e-06,0.330223211668,0.000128253270808,0.000258983076564,87.5,44.875,42.625,1,8,700,359,341
0.00101419878296,9,7,2,1.57015832753e-06,0.30621477304,0.00518986827318,0.000395744342733,73.5,38.0,35.5,7,2,147,76,71
0.00101419878296,9,5,4,1.55994826494e-06,0.301228517157,0.00136862898771,0.000385186338838,80.5,40.0,40.5,5,4,322,160,162
0.00101419878296,9,9,0,0.0,0.0,0.00632762697624,0.000455553071999,0.0,0.0,0.0,9,0,0,0,0
0.00101419878296,9,7,2,1.31551913826e-06,0.330918174583,0.00477223292117,0.000463281806114,227.0,113.0,114.0,7,2,454,226,228
0.00101419878296,176,47,129,0.00842194717592,0.479881849306,0.0386874903537,0.00177811909528,91.868217054263565891472868,43.333333333333333333333333,48.534883720930232558139534,47,129,11851,5590,6261
0.00101419878296,105,48,57,0.00623319075835,0.40473947479,0.0237986223185,0.00182168565271,83.543859649122807017543859,40.263157894736842105263157,43.280701754385964912280701,48,57,4762,2295,2467
0.00101419878296,139,76,63,0.00239712383372,0.436983657126,0.0818366190498,0.00226590944863,160.063492063492063492063492,77.492063492063492063492063,82.571428571428571428571428,76,63,10084,4882,5202
0.00101419878296,139,65,74,0.00485862165797,0.441689005494,0.0535444331323,0.00220709749796,121.121621621621621621621621,56.486486486486486486486486,64.635135135135135135135135,65,74,8963,4180,4783
0.00101419878296,139,52,87,0.0016298521028,0.465440412302,0.0529594556075,0.00158383260002,127.149425287356321839080459,61.804597701149425287356321,65.344827586206896551724137,52,87,11062,5377,5685
0.00101419878296,112,29,83,0.00264741953359,0.441069525823,0.0192932165612,0.0011389978322,83.530120481927710843373493,42.759036144578313253012048,40.771084337349397590361445,29,83,6933,3549,3384
0.00101419878296,112,48,64,0.00157699601703,0.403527679956,0.0290418722289,0.00158614672228,85.875,43.21875,42.65625,48,64,5496,2766,2730
0.00101419878296,112,53,59,0.00195298856201,0.415615733804,0.0386173263687,0.00184245083259,104.728813559322033898305084,50.949152542372881355932203,53.779661016949152542372881,53,59,6179,3006,3173
0.00101419878296,240,131,109,0.0104331705518,0.477695045942,0.120081530489,0.00450949953734,136.917431192660550458715596,66.394495412844036697247706,70.522935779816513761467889,131,109,14924,7237,7687
0.00101419878296,162,91,71,0.00747921025434,0.445653148671,0.085186402592,0.00303944755493,138.028169014084507042253521,65.746478873239436619718309,72.281690140845070422535211,91,71,9800,4668,5132
0.00101419878296,48,23,25,0.000528824477424,0.399258449317,0.0132609745508,0.000931045153885,100.76,48.32,52.44,23,25,2519,1208,1311
0.00101419878296,48,27,21,0.000374625164529,0.397575944263,0.0256993352387,0.000953453409004,162.380952380952380952380952,76.809523809523809523809523,85.571428571428571428571428,27,21,3410,1613,1797
0.00101419878296,48,25,23,0.000302923304724,0.380422466023,0.0182426562852,0.000956728620148,115.347826086956521739130434,57.478260869565217391304347,57.869565217391304347826086,25,23,2653,1322,1331
0.00101419878296,48,14,34,0.00107730925206,0.363143847473,0.00630251720088,0.000760636471316,83.529411764705882352941176,42.470588235294117647058823,41.058823529411764705882352,14,34,2840,1444,1396
0.00101419878296,48,24,24,0.000517893648805,0.382892741776,0.0144476955384,0.00100322563354,93.625,45.5,48.125,24,24,2247,1092,1155
0.00101419878296,48,23,25,3.0950972153e-05,0.37187533139,0.0161933841133,0.000789079128825,107.4,50.64,56.76,23,25,2685,1266,1419
0.00101419878296,48,29,19,0.00169641521755,0.379199242659,0.0270876481953,0.00115700316181,112.052631578947368421052631,54.736842105263157894736842,57.315789473684210526315789,29,19,2129,1040,1089
0.00101419878296,146,74,72,0.00664588754659,0.444184423605,0.0571632378208,0.0027742496133,111.819444444444444444444444,53.819444444444444444444444,58.0,74,72,8051,3875,4176
0.00101419878296,173,79,94,0.00603086010868,0.471488113811,0.063281276071,0.00271385893307,114.404255319148936170212765,56.329787234042553191489361,58.074468085106382978723404,79,94,10754,5295,5459
0.00101419878296,173,91,82,0.012267639734,0.444603070564,0.0759856091996,0.0034595663261,117.853658536585365853658536,56.841463414634146341463414,61.012195121951219512195121,91,82,9664,4661,5003
0.00101419878296,41,18,23,0.000343754923332,0.324543417866,0.00450267611238,0.000901777357625,53.956521739130434782608695,28.782608695652173913043478,25.173913043478260869565217,18,23,1241,662,579
0.00101419878296,41,22,19,0.00058822928187,0.342822571125,0.00637335788468,0.00104893143768,60.105263157894736842105263,29.68421052631578947368421,30.421052631578947368421052,22,19,1142,564,578
0.00101419878296,41,23,18,0.000147338846787,0.354812980721,0.0157132806557,0.000869499652138,97.722222222222222222222222,49.944444444444444444444444,47.777777777777777777777777,23,18,1759,899,860
0.00101419878296,41,24,17,0.000169367104912,0.323209220876,0.00887565249344,0.00106610113675,55.823529411764705882352941,29.647058823529411764705882,26.176470588235294117647058,24,17,949,504,445
0.00101419878296,41,28,13,0.00016495358834,0.396906906073,0.0222132732408,0.000992838286399,197.153846153846153846153846,90.0,107.153846153846153846153846,28,13,2563,1170,1393
0.00101419878296,41,27,14,0.000220154034225,0.370124643286,0.0164899498822,0.00104232912239,114.714285714285714285714285,54.785714285714285714285714,59.928571428571428571428571,27,14,1606,767,839
0.00101419878296,41,22,19,0.000437206600905,0.368534263959,0.0104396362552,0.00107545764997,86.0,43.052631578947368421052631,42.947368421052631578947368,22,19,1634,818,816
0.00101419878296,41,22,19,0.000120507694104,0.350203309479,0.013940915167,0.000900115674128,79.263157894736842105263157,42.0,37.263157894736842105263157,22,19,1506,798,708
0.00101419878296,41,21,20,0.000503835391477,0.390985377429,0.0168423677561,0.000794807598979,128.8,65.75,63.05,21,20,2576,1315,1261
0.00101419878296,41,27,14,0.000218193596608,0.374384014181,0.0163762217808,0.00105577539792,122.714285714285714285714285,57.428571428571428571428571,65.285714285714285714285714,27,14,1718,804,914
0.00101419878296,41,19,22,0.000178413371478,0.354946469427,0.00827086504202,0.000833757632496,78.636363636363636363636363,40.181818181818181818181818,38.454545454545454545454545,19,22,1730,884,846
0.00101419878296,41,20,21,0.000267775119076,0.359682697574,0.00843164038855,0.000904185257915,76.571428571428571428571428,39.333333333333333333333333,37.238095238095238095238095,20,21,1608,826,782
0.00101419878296,41,19,22,0.000242398247899,0.403355158502,0.0245049074242,0.00073630666022,161.40909090909090909090909,75.590909090909090909090909,85.818181818181818181818181,19,22,3551,1663,1888
0.00101419878296,23,8,15,1.75147651082e-05,0.399089558264,0.0129014310582,0.000385278134588,187.2,89.6,97.6,8,15,2808,1344,1464
0.00101419878296,23,23,0,0.0,0.0,0.0254724223861,0.000920339697083,0.0,0.0,0.0,23,0,0,0,0
0.00101419878296,23,11,12,0.000137825938647,0.301420995443,0.0024827929719,0.000985866936531,40.583333333333333333333333,20.833333333333333333333333,19.75,11,12,487,250,237
0.00101419878296,23,13,10,5.08115534213e-05,0.319163638612,0.00691592309826,0.000645556259575,54.8,26.8,28.0,13,10,548,268,280
0.00101419878296,23,11,12,7.34335526069e-05,0.372462580235,0.00871303720415,0.000521101917729,124.166666666666666666666666,62.583333333333333333333333,61.583333333333333333333333,11,12,1490,751,739
0.00101419878296,23,16,7,8.16803041436e-05,0.322766922934,0.00806247903687,0.000807049475381,70.714285714285714285714285,37.428571428571428571428571,33.285714285714285714285714,16,7,495,262,233
0.00101419878296,23,9,14,0.000184272900789,0.358998369763,0.00914547601505,0.000449139901852,95.0,47.357142857142857142857142,47.642857142857142857142857,9,14,1330,663,667
0.00101419878296,23,11,12,5.34422373109e-05,0.381653606689,0.0101191243414,0.000515606020041,142.083333333333333333333333,73.0,69.083333333333333333333333,11,12,1705,876,829
0.00101419878296,23,16,7,1.81404505252e-05,0.347750724562,0.0103792405115,0.000596392562129,133.571428571428571428571428,67.285714285714285714285714,66.285714285714285714285714,16,7,935,471,464
0.00101419878296,23,22,1,3.36728726372e-05,0.31044676398,0.0186237738336,0.000728363402953,217.0,87.0,130.0,22,1,217,87,130
0.00101419878296,89,38,51,0.00114916979994,0.391309712043,0.0185844468693,0.00163546875103,85.823529411764705882352941,42.54901960784313725490196,43.27450980392156862745098,38,51,4377,2170,2207
0.00101419878296,89,44,45,0.00114160162538,0.430208716706,0.0520928919367,0.00134040217364,169.155555555555555555555555,83.933333333333333333333333,85.222222222222222222222222,44,45,7612,3777,3835
0.00101419878296,89,42,47,0.00126002364479,0.420431245872,0.0340858974339,0.00151974879557,119.042553191489361702127659,61.617021276595744680851063,57.425531914893617021276595,42,47,5595,2896,2699
0.00101419878296,89,69,20,0.000736784896478,0.381653606689,0.0575016949481,0.00224556552245,127.85,62.55,65.3,69,20,2557,1251,1306
0.00101419878296,354,153,201,0.0388917004065,0.512186599205,0.0994458323676,0.00573201569555,95.02985074626865671641791,46.805970149253731343283582,48.223880597014925373134328,153,201,19101,9408,9693
0.00101419878296,83,40,43,0.00285730235723,0.426320702999,0.017904458763,0.0016331070934,104.372093023255813953488372,49.651162790697674418604651,54.72093023255813953488372,40,43,4488,2135,2353
0.00101419878296,83,39,44,0.000540235814227,0.421935472154,0.0473487486792,0.00126429804155,137.772727272727272727272727,72.181818181818181818181818,65.590909090909090909090909,39,44,6062,3176,2886
0.00101419878296,83,40,43,0.00268403595196,0.43718615187,0.0358842154783,0.00150260652346,151.72093023255813953488372,73.279069767441860465116279,78.441860465116279069767441,40,43,6524,3151,3373
0.00101419878296,39,25,14,6.87243937988e-05,0.374532638244,0.0303735753605,0.000921290225038,162.714285714285714285714285,78.857142857142857142857142,83.857142857142857142857142,25,14,2278,1104,1174
0.00101419878296,39,13,26,0.000432873031349,0.40473947479,0.00633823620299,0.000595292843356,116.76923076923076923076923,55.5,61.26923076923076923076923,13,26,3036,1443,1593
0.00101419878296,39,19,20,0.000357616244288,0.377681231279,0.00969652972703,0.000865524982041,97.3,50.25,47.05,19,20,1946,1005,941
0.00101419878296,39,22,17,0.000120324585206,0.36738618214,0.0164604070531,0.000833796467874,106.352941176470588235294117,55.058823529411764705882352,51.294117647058823529411764,22,17,1808,936,872
0.00101419878296,39,21,18,0.000143508394903,0.339491801272,0.0112339493811,0.000882423993117,70.611111111111111111111111,37.222222222222222222222222,33.388888888888888888888888,21,18,1271,670,601
0.00101419878296,39,16,23,0.000949367833791,0.394417941361,0.0142076340663,0.000692388192427,117.347826086956521739130434,56.869565217391304347826086,60.478260869565217391304347,16,23,2699,1308,1391
0.00101419878296,39,22,17,0.000116575651484,0.403527679956,0.0230116201228,0.000805846106245,169.352941176470588235294117,77.058823529411764705882352,92.294117647058823529411764,22,17,2879,1310,1569
0.00101419878296,39,39,0,0.0,0.0,0.0360744500268,0.00137925700103,0.0,0.0,0.0,39,0,0,0,0
0.00101419878296,159,76,83,0.00603638164836,0.455112260365,0.054342667535,0.002313379616,113.253012048192771084337349,52.638554216867469879518072,60.614457831325301204819277,76,83,9400,4369,5031
0.00101419878296,98,51,47,0.000977411498238,0.42005686364,0.0514182307754,0.00160861417367,141.234042553191489361702127,69.446808510638297872340425,71.787234042553191489361702,51,47,6638,3264,3374
0.00101419878296,95,52,43,0.00172257214118,0.413430199709,0.0477518086952,0.00191319056807,131.767441860465116279069767,65.534883720930232558139534,66.232558139534883720930232,52,43,5666,2818,2848
0.00101419878296,95,45,50,0.00199246930946,0.402666545342,0.0264017756474,0.00183001220224,99.54,49.02,50.52,45,50,4977,2451,2526
0.00101419878296,95,42,53,0.00160857792046,0.419310095883,0.0333615031585,0.0014143492648,90.301886792452830188679245,44.150943396226415094339622,46.150943396226415094339622,42,53,4786,2340,2446
0.00101419878296,14,8,6,1.10789932217e-05,0.388569899397,0.0134732355,0.000400311503551,316.0,132.166666666666666666666666,183.833333333333333333333333,8,6,1896,793,1103
0.00101419878296,14,8,6,5.07302364798e-05,0.351770214667,0.00532104954914,0.00044891911709,102.5,47.5,55.0,8,6,615,285,330
0.00101419878296,14,13,1,8.59638711493e-06,0.297617575942,0.00920979097885,0.000621044500227,116.0,54.0,62.0,13,1,116,54,62
0.00101419878296,14,8,6,3.8710263557e-05,0.354413116355,0.00802124771871,0.000422088606933,131.166666666666666666666666,57.333333333333333333333333,73.833333333333333333333333,8,6,787,344,443
0.00101419878296,14,11,3,1.0022234483e-05,0.263827661,0.00226421585922,0.000774877119359,46.0,22.666666666666666666666666,23.333333333333333333333333,11,3,138,68,70
0.00101419878296,14,5,9,7.03605508402e-05,0.365961099975,0.00386527870696,0.000343313706532,123.222222222222222222222222,56.888888888888888888888888,66.333333333333333333333333,5,9,1109,512,597
0.00101419878296,14,13,1,2.69462405349e-05,0.321776164985,0.00682051638094,0.000684186033325,217.0,93.0,124.0,13,1,217,93,124
0.00101419878296,14,8,6,6.05137899129e-05,0.348135688463,0.005734838649,0.000472834000549,128.166666666666666666666666,59.5,68.666666666666666666666666,8,6,769,357,412
0.00101419878296,14,5,9,2.74588298894e-06,0.334793369672,0.00393641256946,0.000336240043152,86.111111111111111111111111,42.555555555555555555555555,43.555555555555555555555555,5,9,775,383,392
0.00101419878296,14,7,7,3.97315438113e-06,0.384139949404,0.0100618636379,0.000361397740861,290.428571428571428571428571,129.285714285714285714285714,161.142857142857142857142857,7,7,2033,905,1128
0.00101419878296,14,10,4,2.95898979317e-06,0.31691223236,0.00687500386995,0.000477087242813,97.25,49.25,48.0,10,4,389,197,192
0.00101419878296,14,10,4,0.000252441192424,0.324431814215,0.00446116930348,0.000629879407819,90.5,47.25,43.25,10,4,362,189,173
0.00101419878296,134,70,64,0.00210017296824,0.44314124741,0.0783821257462,0.00220627758426,158.859375,77.75,81.109375,70,64,10167,4976,5191
0.00101419878296,544,211,333,0.0749313864804,0.568341997431,0.148983847816,0.00752322325341,84.681681681681681681681681,41.981981981981981981981981,42.699699699699699699699699,211,333,28199,13980,14219
0.00101419878296,82,46,36,0.000869509142164,0.415982237979,0.0329217110237,0.00153175924378,128.194444444444444444444444,60.25,67.944444444444444444444444,46,36,4615,2169,2446
0.00101419878296,82,46,36,0.000884932905325,0.412887402948,0.0415253210908,0.00161846855235,139.166666666666666666666666,67.333333333333333333333333,71.833333333333333333333333,46,36,5010,2424,2586
0.00101419878296,82,40,42,0.000328460544294,0.426513433877,0.0570525066686,0.00123740237652,187.45238095238095238095238,92.809523809523809523809523,94.642857142857142857142857,40,42,7873,3898,3975
0.00101419878296,82,37,45,0.000357702649177,0.431388987534,0.0430669618098,0.00106510438978,175.933333333333333333333333,80.511111111111111111111111,95.422222222222222222222222,37,45,7917,3623,4294
0.00101419878296,5,5,0,0.0,0.0,0.00693742902347,0.000285403051101,0.0,0.0,0.0,5,0,0,0,0
0.00101419878296,5,5,0,0.0,0.0,0.00275102848115,0.000334676923649,0.0,0.0,0.0,5,0,0,0,0
0.00101419878296,5,5,0,0.0,0.0,0.00834015118442,0.000307414891569,0.0,0.0,0.0,5,0,0,0,0
0.00101419878296,5,2,3,3.28249911381e-06,0.311883542392,0.000895952144437,0.000282750921099,75.0,38.666666666666666666666666,36.333333333333333333333333,2,3,225,116,109
0.00101419878296,5,5,0,0.0,0.0,0.00231447115828,0.000402025244773,0.0,0.0,0.0,5,0,0,0,0
0.00101419878296,5,4,1,7.64562526759e-07,0.25883339252,0.000352021862256,0.000464867699745,29.0,16.0,13.0,4,1,29,16,13
0.00101419878296,5,2,3,2.98881046668e-06,0.30681226528,0.00119993865002,0.000269670910341,66.0,34.333333333333333333333333,31.666666666666666666666666,2,3,198,103,95
0.00101419878296,5,2,3,2.80594054366e-07,0.321666456098,0.000813595929514,0.000237617015046,111.666666666666666666666666,68.666666666666666666666666,43.0,2,3,335,206,129
0.00101419878296,5,4,1,1.10572987082e-05,0.251251056121,0.00113159345212,0.000466519614592,6.0,3.0,3.0,4,1,6,3,3
0.00101419878296,5,5,0,0.0,0.0,0.00261515212645,0.000327867528555,0.0,0.0,0.0,5,0,0,0,0
0.00101419878296,5,2,3,0.0,0.276752043337,0.000250046299815,0.000262980501709,24.666666666666666666666666,12.666666666666666666666666,12.0,2,3,74,38,36
0.00101419878296,5,2,3,8.7107260194e-06,0.307111886633,0.000439929572187,0.000242872522151,57.333333333333333333333333,29.0,28.333333333333333333333333,2,3,172,87,85
0.00101419878296,5,5,0,0.0,0.0,0.00152215395726,0.000354953476364,0.0,0.0,0.0,5,0,0,0,0
0.00101419878296,5,5,0,0.0,0.0,0.00306978289189,0.000325573467259,0.0,0.0,0.0,5,0,0,0,0
0.00101419878296,5,4,1,4.00104269646e-06,0.228216670473,0.000747061269753,0.000777951621589,6.0,4.0,2.0,4,1,6,4,2
0.00101419878296,5,0,5,0.0,0.330215190838,0.0,0.000198382776707,102.6,60.8,41.8,0,5,513,304,209
0.00101419878296,5,2,3,0.0,0.335866043338,0.00194589393111,0.000251966884747,185.666666666666666666666666,84.333333333333333333333333,101.333333333333333333333333,2,3,557,253,304
0.00101419878296,5,5,0,0.0,0.0,0.00254318584077,0.000300422538857,0.0,0.0,0.0,5,0,0,0,0
0.00101419878296,5,5,0,0.0,0.0,0.00477332635367,0.000338452713423,0.0,0.0,0.0,5,0,0,0,0
0.00101419878296,5,0,5,0.0,0.339829651823,0.0,0.000198382776707,150.8,88.8,62.0,0,5,754,444,310
0.00101419878296,78,38,40,0.00138824499647,0.380269131695,0.0103861052651,0.00171945899462,69.825,34.425,35.4,38,40,2793,1377,1416
0.00101419878296,78,38,40,0.00190230038339,0.412346029605,0.0267107992704,0.00137433570201,108.425,52.8,55.625,38,40,4337,2112,2225
0.00101419878296,78,43,35,0.000891460972665,0.405958569594,0.0380832149674,0.0014703863602,118.285714285714285714285714,58.714285714285714285714285,59.571428571428571428571428,43,35,4140,2055,2085
0.00101419878296,78,40,38,0.00145212918053,0.427286103141,0.0393017795799,0.00145612608199,145.157894736842105263157894,67.026315789473684210526315,78.131578947368421052631578,40,38,5516,2547,2969
0.00101419878296,78,35,43,0.00351103239856,0.417270108685,0.0151419669764,0.00168915310929,87.72093023255813953488372,42.116279069767441860465116,45.604651162790697674418604,35,43,3772,1811,1961
0.00101419878296,78,38,40,0.000360181556021,0.375725892368,0.0281523122899,0.00124727556078,99.925,48.75,51.175,38,40,3997,1950,2047
0.00101419878296,78,35,43,0.00241831035526,0.408950028494,0.02058146579,0.00142070937939,89.372093023255813953488372,43.953488372093023255813953,45.418604651162790697674418,35,43,3843,1890,1953
0.00101419878296,78,39,39,0.000964116066198,0.419310095883,0.0369102468629,0.00132130847689,125.205128205128205128205128,62.025641025641025641025641,63.179487179487179487179487,39,39,4883,2419,2464
0.00101419878296,117,60,57,0.00296821729897,0.424021445275,0.059029832324,0.00241455732116,134.947368421052631578947368,68.175438596491228070175438,66.771929824561403508771929,60,57,7692,3886,3806
0.00101419878296,28,13,15,0.000108670897817,0.342200839948,0.00447088377627,0.000624986713866,67.733333333333333333333333,32.133333333333333333333333,35.6,13,15,1016,482,534
0.00101419878296,28,17,11,0.00014762086833,0.356152403071,0.0120969017512,0.00083346242758,108.363636363636363636363636,50.090909090909090909090909,58.272727272727272727272727,17,11,1192,551,641
0.00101419878296,28,16,12,6.07243017265e-05,0.372168724156,0.0145879906505,0.000671120602013,130.083333333333333333333333,59.666666666666666666666666,70.416666666666666666666666,16,12,1561,716,845
0.00101419878296,28,18,10,4.5350059224e-05,0.328041625777,0.00695782574313,0.000686818676192,80.0,37.1,42.9,18,10,800,371,429
0.00101419878296,28,15,13,0.000112822014411,0.387452860672,0.0136786981238,0.000593745286763,192.230769230769230769230769,88.76923076923076923076923,103.461538461538461538461538,15,13,2499,1154,1345
0.00101419878296,28,12,16,0.000277328054699,0.378742559509,0.0109869508896,0.000644697859165,120.9375,59.25,61.6875,12,16,1935,948,987
0.00101419878296,28,18,10,0.000127606609273,0.353616085358,0.00916124021899,0.000888356530157,113.0,58.3,54.7,18,10,1130,583,547
0.00101419878296,53,31,22,0.00037915638983,0.367243174673,0.0185741271552,0.00116074428772,90.90909090909090909090909,44.863636363636363636363636,46.045454545454545454545454,31,22,2000,987,1013
0.00101419878296,53,31,22,0.000125661005747,0.355213748395,0.0211031143247,0.00115989775188,96.40909090909090909090909,49.5,46.90909090909090909090909,31,22,2121,1089,1032
0.00101419878296,69,34,35,0.00121885090593,0.412887402948,0.0276181344591,0.00108633555305,131.057142857142857142857142,61.857142857142857142857142,69.2,34,35,4587,2165,2422
0.00101419878296,69,23,46,0.000355853548854,0.442933199876,0.0333537273503,0.000718295723305,188.760869565217391304347826,88.347826086956521739130434,100.413043478260869565217391,23,46,8683,4064,4619
0.00101419878296,69,31,38,0.000614912814995,0.43820144716,0.0340016872143,0.000990692231646,139.894736842105263157894736,66.157894736842105263157894,73.736842105263157894736842,31,38,5316,2514,2802
0.00101419878296,69,36,33,0.000645837597648,0.397575944263,0.0196430228361,0.00135275266642,97.545454545454545454545454,46.333333333333333333333333,51.212121212121212121212121,36,33,3219,1529,1690
0.00101419878296,44,19,25,0.000312638925762,0.414702292631,0.0272308132944,0.000599180710659,187.52,88.48,99.04,19,25,4688,2212,2476
0.00101419878296,44,18,26,0.000151712366279,0.354812980721,0.00933003208015,0.000846356270889,78.653846153846153846153846,40.038461538461538461538461,38.615384615384615384615384,18,26,2045,1041,1004
0.00101419878296,44,27,17,0.000274840502712,0.362585594057,0.015144624484,0.00109696146855,100.352941176470588235294117,49.529411764705882352941176,50.823529411764705882352941,27,17,1706,842,864
0.00101419878296,44,21,23,0.00013661836184,0.379809869459,0.0171254007135,0.000824137507481,119.521739130434782608695652,60.173913043478260869565217,59.347826086956521739130434,21,23,2749,1384,1365
0.00101419878296,44,22,22,0.000164239873088,0.340964118445,0.0131166075627,0.000900262039992,63.318181818181818181818181,33.545454545454545454545454,29.772727272727272727272727,22,22,1393,738,655
0.00101419878296,44,24,20,0.000534244840567,0.384923588632,0.0119267337627,0.000947554056875,99.1,45.55,53.55,24,20,1982,911,1071
0.00101419878296,44,22,22,0.000170583691354,0.376175325254,0.0221193365568,0.000850890591322,112.590909090909090909090909,57.181818181818181818181818,55.40909090909090909090909,22,22,2477,1258,1219
0.00101419878296,44,23,21,0.00051026728653,0.398079204952,0.0195506887048,0.000935403468801,140.095238095238095238095238,64.238095238095238095238095,75.857142857142857142857142,23,21,2942,1349,1593
0.00101419878296,44,24,20,0.000334195888451,0.407009368307,0.0244614116281,0.000886594473272,160.9,76.25,84.65,24,20,3218,1525,1693
0.00101419878296,44,24,20,0.000283547845889,0.387134885407,0.0164422196403,0.000909282483847,100.0,48.1,51.9,24,20,2000,962,1038
0.00101419878296,44,19,25,0.000614736380324,0.395907560107,0.0137856193747,0.000870399874728,92.92,45.32,47.6,19,25,2323,1133,1190
0.00101419878296,44,22,22,0.000217614171941,0.348908178896,0.00543039005029,0.000946195647188,77.818181818181818181818181,37.272727272727272727272727,40.545454545454545454545454,22,22,1712,820,892
0.00101419878296,203,85,118,0.00591392342267,0.48159658792,0.0826967077752,0.00262898190269,128.957627118644067796610169,62.296610169491525423728813,66.661016949152542372881355,85,118,15217,7351,7866
0.00101419878296,108,39,69,0.00227579904808,0.447768256163,0.0379051372106,0.00132418784214,126.072463768115942028985507,61.0,65.072463768115942028985507,39,69,8699,4209,4490
0.00101419878296,108,61,47,0.00311166058827,0.430798043715,0.0462520785803,0.0023287612112,123.297872340425531914893617,59.021276595744680851063829,64.276595744680851063829787,61,47,5795,2774,3021
0.00101419878296,108,51,57,0.00153494556804,0.43799801102,0.0588225274474,0.00164832813814,162.807017543859649122807017,77.842105263157894736842105,84.964912280701754385964912,51,57,9280,4437,4843
0.00101419878296,108,56,52,0.00272628323936,0.421182015954,0.0481958784483,0.00192779074946,125.346153846153846153846153,61.134615384615384615384615,64.211538461538461538461538,56,52,6518,3179,3339
0.00101419878296,108,43,65,0.00246965724882,0.412346029605,0.0252515957797,0.00166288071627,85.076923076923076923076923,42.692307692307692307692307,42.384615384615384615384615,43,65,5530,2775,2755
0.00101419878296,108,60,48,0.00159927543534,0.439630808824,0.0628883091184,0.00213216558962,157.958333333333333333333333,74.6875,83.270833333333333333333333,60,48,7582,3585,3997
0.00101419878296,94,49,45,0.000987137711965,0.430208716706,0.0449764922682,0.00152360594605,149.844444444444444444444444,69.511111111111111111111111,80.333333333333333333333333,49,45,6743,3128,3615
0.00101419878296,94,45,49,0.000922911945153,0.425167965631,0.0477913979957,0.00131189498538,134.857142857142857142857142,62.918367346938775510204081,71.938775510204081632653061,45,49,6608,3083,3525
0.00101419878296,94,47,47,0.00158043025781,0.422502335753,0.0369820154337,0.00148520237093,126.021276595744680851063829,58.361702127659574468085106,67.659574468085106382978723,47,47,5923,2743,3180
0.00101419878296,94,45,49,0.00470471300895,0.427673488548,0.0313849974499,0.00178836795455,110.816326530612244897959183,50.653061224489795918367346,60.163265306122448979591836,45,49,5430,2482,2948
0.00101419878296,94,50,44,0.00189089149857,0.391959998229,0.0339703424671,0.00186241027138,90.431818181818181818181818,45.772727272727272727272727,44.65909090909090909090909,50,44,3979,2014,1965
0.00101419878296,207,100,107,0.00443908347793,0.48110541343,0.104696026881,0.0030876453878,141.747663551401869158878504,68.401869158878504672897196,73.345794392523364485981308,100,107,15167,7319,7848
0.00101419878296,19,10,9,1.68893473885e-05,0.361059210002,0.0102059294981,0.000432438469068,141.777777777777777777777777,66.777777777777777777777777,75.0,10,9,1276,601,675
0.00101419878296,19,8,11,7.17589332768e-05,0.387134885407,0.00884033789524,0.000385218108621,164.454545454545454545454545,80.0,84.454545454545454545454545,8,11,1809,880,929
0.00101419878296,19,12,7,1.20225808081e-05,0.354546304298,0.0133381157485,0.000565669074893,166.142857142857142857142857,83.571428571428571428571428,82.571428571428571428571428,12,7,1163,585,578
0.00101419878296,19,19,0,0.0,0.0,0.0214419925009,0.00067113661986,0.0,0.0,0.0,19,0,0,0,0
0.00101419878296,19,19,0,0.0,0.0,0.0166346303789,0.000714866696735,0.0,0.0,0.0,19,0,0,0,0
0.00101419878296,19,3,16,7.03569644915e-05,0.379199242659,0.00104704001455,0.000311907700673,107.625,56.4375,51.1875,3,16,1722,903,819
0.00101419878296,19,10,9,4.50934542899e-05,0.383048199649,0.00900222102862,0.000457389114129,173.555555555555555555555555,83.666666666666666666666666,89.888888888888888888888888,10,9,1562,753,809
0.00101419878296,19,8,11,4.24458544364e-06,0.320138349418,0.00349952647886,0.000480286010501,57.727272727272727272727272,29.181818181818181818181818,28.545454545454545454545454,8,11,635,321,314
0.00101419878296,19,10,9,1.97700131063e-05,0.317659163547,0.00277151404998,0.000629604685461,74.0,37.222222222222222222222222,36.777777777777777777777777,10,9,666,335,331
0.00101419878296,79,28,51,0.0032722501299,0.42005686364,0.0189015979158,0.0011450121479,91.960784313725490196078431,45.921568627450980392156862,46.039215686274509803921568,28,51,4690,2342,2348
0.00101419878296,79,35,44,0.00146209261836,0.375576319959,0.0110190234683,0.00166877672736,66.477272727272727272727272,32.045454545454545454545454,34.431818181818181818181818,35,44,2925,1410,1515
0.00101419878296,79,37,42,0.00161184176102,0.438405072368,0.0432507622681,0.00121183611455,184.904761904761904761904761,85.571428571428571428571428,99.333333333333333333333333,37,42,7766,3594,4172
0.00101419878296,58,36,22,0.00122192264179,0.405958569594,0.0378526101176,0.00117228462175,153.181818181818181818181818,70.727272727272727272727272,82.454545454545454545454545,36,22,3370,1556,1814
0.00101419878296,58,22,36,0.00057805204018,0.381499278502,0.00861866841972,0.00098511217834,79.805555555555555555555555,40.25,39.555555555555555555555555,22,36,2873,1449,1424
0.00101419878296,58,23,35,0.00037449032099,0.402838478111,0.0282386100981,0.00075299043685,141.514285714285714285714285,69.514285714285714285714285,72.0,23,35,4953,2433,2520
0.00101419878296,58,27,31,0.000803010885724,0.402151626486,0.025355505365,0.00100285206786,113.612903225806451612903225,55.0,58.612903225806451612903225,27,31,3522,1705,1817
0.00101419878296,58,34,24,0.000774725868454,0.34787895123,0.00954054630223,0.00149474619909,60.958333333333333333333333,31.333333333333333333333333,29.625,34,24,1463,752,711
0.00101419878296,58,29,29,0.000759634497738,0.392939490102,0.0167791922751,0.00117656965124,100.896551724137931034482758,48.724137931034482758620689,52.172413793103448275862068,29,29,2926,1413,1513
0.00101419878296,58,27,31,0.000612339474592,0.403182784503,0.0228519973894,0.000930987328805,122.193548387096774193548387,58.483870967741935483870967,63.709677419354838709677419,27,31,3788,1813,1975
0.00101419878296,58,28,30,0.00110790313444,0.386817431626,0.0103233372412,0.00124692540107,69.4,33.066666666666666666666666,36.333333333333333333333333,28,30,2082,992,1090
0.00101419878296,58,28,30,0.000560621208605,0.420806296046,0.0256868728556,0.00101460656751,145.5,69.2,76.3,28,30,4365,2076,2289
0.00101419878296,58,26,32,0.000496176721166,0.33138311055,0.00616811164082,0.0013220484989,58.46875,29.25,29.21875,26,32,1871,936,935
0.00101419878296,10,10,0,0.0,0.0,0.00915189543028,0.000469004473179,0.0,0.0,0.0,10,0,0,0,0
0.00101419878296,10,7,3,1.78001775167e-07,0.327813660784,0.00929544728003,0.000389580977406,136.0,70.0,66.0,7,3,408,210,198
0.00101419878296,10,7,3,2.15946525465e-05,0.362168029073,0.00561989114396,0.000419427592502,207.666666666666666666666666,87.333333333333333333333333,120.333333333333333333333333,7,3,623,262,361
0.00101419878296,10,5,5,4.86186638149e-06,0.321995807418,0.00518584106991,0.000344558654456,94.6,53.0,41.6,5,5,473,265,208
0.00101419878296,10,6,4,4.58431619454e-06,0.334437332767,0.00376768287457,0.000402178389857,112.25,57.5,54.75,6,4,449,230,219
0.00101419878296,10,4,6,3.54706356987e-05,0.340226367016,0.00479135639191,0.000298219034264,86.5,45.666666666666666666666666,40.833333333333333333333333,4,6,519,274,245
0.00101419878296,10,5,5,1.59277425284e-05,0.335866043338,0.00228289064272,0.000364252892793,96.0,51.6,44.4,5,5,480,258,222
0.00101419878296,132,61,71,0.00527787265319,0.41893770681,0.033633907763,0.0025269773304,88.225352112676056338028169,45.140845070422535211267605,43.084507042253521126760563,61,71,6264,3205,3059
0.00101419878296,35,15,20,0.00115999611497,0.377228195016,0.00833992034573,0.000676721712683,103.25,48.9,54.35,15,20,2065,978,1087
0.00101419878296,35,19,16,0.000121418508446,0.388409928257,0.0144621363388,0.000739810369999,128.5,58.375,70.125,19,16,2056,934,1122
0.00101419878296,35,21,14,0.000759154195854,0.377832485277,0.0161125410186,0.000907759969693,120.357142857142857142857142,54.714285714285714285714285,65.642857142857142857142857,21,14,1685,766,919
0.00101419878296,35,23,12,0.000278277576069,0.378286975034,0.0144792126237,0.000967380177025,115.416666666666666666666666,50.916666666666666666666666,64.5,23,12,1385,611,774
0.00101419878296,35,18,17,0.000167688401297,0.377077424355,0.02139167368,0.000675965202477,137.470588235294117647058823,66.705882352941176470588235,70.764705882352941176470588,18,17,2337,1134,1203
0.00101419878296,35,19,16,0.000234184622432,0.358044673904,0.0109270774145,0.000765380035066,86.6875,42.75,43.9375,19,16,1387,684,703
0.00101419878296,35,18,17,9.30626708945e-05,0.341457732803,0.0104714800888,0.00085270713538,92.588235294117647058823529,44.941176470588235294117647,47.647058823529411764705882,18,17,1574,764,810
0.00101419878296,35,19,16,0.00044354598197,0.3957414915,0.0118493684025,0.000822605833839,119.5,53.4375,66.0625,19,16,1912,855,1057
0.00101419878296,35,21,14,0.000118303343623,0.345585243859,0.0135751424117,0.000810208692926,89.642857142857142857142857,44.0,45.642857142857142857142857,21,14,1255,616,639
0.00101419878296,35,18,17,0.000208455593841,0.355615422441,0.00932281079011,0.000875167653247,69.470588235294117647058823,36.058823529411764705882352,33.41176470588235294117647,18,17,1181,613,568
0.00101419878296,35,35,0,0.0,0.0,0.0233629167622,0.00122020554806,0.0,0.0,0.0,35,0,0,0,0
0.00101419878296,35,19,16,0.00029341600725,0.361059210002,0.00969800301442,0.000904724226357,84.0625,44.875,39.1875,19,16,1345,718,627
0.00101419878296,35,15,20,6.30033669599e-05,0.395907560107,0.0197563335585,0.00058015850259,185.8,91.6,94.2,15,20,3716,1832,1884
0.00101419878296,1,1,0,0.0,0.0,0.000279553998307,0.000225728835056,0.0,0.0,0.0,1,0,0,0,0
0.00101419878296,1,1,0,0.0,0.0,0.000464912187444,0.000219859069227,0.0,0.0,0.0,1,0,0,0,0
0.00101419878296,1,0,1,0.0,0.301468779136,0.0,0.000198382776707,142.0,76.0,66.0,0,1,142,76,66
0.00101419878296,1,0,1,0.0,0.301468779136,0.0,0.000198382776707,142.0,76.0,66.0,0,1,142,76,66
0.00101419878296,1,1,0,0.0,0.0,0.00095422463535,0.00022007517836,0.0,0.0,0.0,1,0,0,0,0
0.00101419878296,1,1,0,0.0,0.0,0.000816501411159,0.000223091557803,0.0,0.0,0.0,1,0,0,0,0
0.00101419878296,1,1,0,0.0,0.0,0.000123644539444,0.000202267194616,0.0,0.0,0.0,1,0,0,0,0
0.00101419878296,1,1,0,0.0,0.0,0.000816501411159,0.000223091557803,0.0,0.0,0.0,1,0,0,0,0
0.00101419878296,1,1,0,0.0,0.0,0.000868477137922,0.000223742506593,0.0,0.0,0.0,1,0,0,0,0
0.00101419878296,1,0,1,0.0,0.251037198983,0.0,0.000198382776707,12.0,6.0,6.0,0,1,12,6,6
0.00101419878296,1,1,0,0.0,0.0,0.000476768620096,0.000212406446957,0.0,0.0,0.0,1,0,0,0,0
0.00101419878296,1,1,0,0.0,0.0,0.000296163478494,0.000220644456116,0.0,0.0,0.0,1,0,0,0,0
0.00101419878296,1,1,0,0.0,0.0,0.000386040717542,0.000225572266897,0.0,0.0,0.0,1,0,0,0,0
0.00101419878296,1,0,1,0.0,0.305659906683,0.0,0.000198382776707,167.0,86.0,81.0,0,1,167,86,81
0.00101419878296,1,1,0,0.0,0.0,0.000306566109508,0.000217466339259,0.0,0.0,0.0,1,0,0,0,0
0.00101419878296,1,1,0,0.0,0.0,0.000278738035194,0.000230857249852,0.0,0.0,0.0,1,0,0,0,0
0.00101419878296,1,1,0,0.0,0.0,0.00176860323509,0.000222027443471,0.0,0.0,0.0,1,0,0,0,0
0.00101419878296,1,1,0,0.0,0.0,0.000413147701273,0.00022318620473,0.0,0.0,0.0,1,0,0,0,0
0.00101419878296,1,0,1,0.0,0.326002100473,0.0,0.000198382776707,273.0,138.0,135.0,0,1,273,138,135
0.00101419878296,1,1,0,0.0,0.0,0.000944912797663,0.000232256903136,0.0,0.0,0.0,1,0,0,0,0
0.00101419878296,1,1,0,0.0,0.0,8.4754183586e-06,0.000219110202076,0.0,0.0,0.0,1,0,0,0,0
0.00101419878296,1,1,0,0.0,0.0,0.00153880849573,0.000226119455167,0.0,0.0,0.0,1,0,0,0,0
0.00101419878296,1,1,0,0.0,0.0,0.000645951761164,0.000225518435358,0.0,0.0,0.0,1,0,0,0,0
0.00101419878296,1,1,0,0.0,0.0,0.000705056883652,0.000224140015448,0.0,0.0,0.0,1,0,0,0,0
0.00101419878296,1,1,0,0.0,0.0,0.000333858894374,0.000226483906949,0.0,0.0,0.0,1,0,0,0,0
0.00101419878296,1,1,0,0.0,0.0,0.000705056883652,0.000224140015448,0.0,0.0,0.0,1,0,0,0,0
0.00101419878296,1,0,1,0.0,0.28061920195,0.0,0.000198382776707,42.0,27.0,15.0,0,1,42,27,15
0.00101419878296,1,1,0,0.0,0.0,0.000416104618639,0.000246795368644,0.0,0.0,0.0,1,0,0,0,0
0.00101419878296,1,1,0,0.0,0.0,0.00101183860791,0.000223240287667,0.0,0.0,0.0,1,0,0,0,0
0.00101419878296,1,0,1,0.0,0.292242995787,0.0,0.000198382776707,45.0,20.0,25.0,0,1,45,20,25
0.00101419878296,1,0,1,0.0,0.325889724705,0.0,0.000198382776707,261.0,117.0,144.0,0,1,261,117,144
0.00101419878296,1,1,0,0.0,0.0,0.000476768620096,0.000212406446957,0.0,0.0,0.0,1,0,0,0,0
0.00101419878296,1,1,0,0.0,0.0,0.000881463020245,0.00022383739576,0.0,0.0,0.0,1,0,0,0,0
0.00101419878296,1,1,0,0.0,0.0,0.000816501411159,0.000223091557803,0.0,0.0,0.0,1,0,0,0,0
0.00101419878296,1,1,0,0.0,0.0,0.00017801921888,0.00023007583331,0.0,0.0,0.0,1,0,0,0,0
0.00101419878296,1,1,0,0.0,0.0,0.000710254166853,0.000221582688382,0.0,0.0,0.0,1,0,0,0,0
0.00101419878296,1,1,0,0.0,0.0,0.00232719175069,0.000221796154399,0.0,0.0,0.0,1,0,0,0,0
0.00101419878296,1,1,0,0.0,0.0,0.000130730602044,0.000242314396787,0.0,0.0,0.0,1,0,0,0,0
0.00101419878296,1,1,0,0.0,0.0,0.000342059346601,0.000228422878224,0.0,0.0,0.0,1,0,0,0,0
0.00101419878296,1,0,1,0.0,0.297671943127,0.0,0.000198382776707,131.0,54.0,77.0,0,1,131,54,77
0.00101419878296,1,1,0,0.0,0.0,0.00220446380721,0.000218579279406,0.0,0.0,0.0,1,0,0,0,0
0.00101419878296,1,1,0,0.0,0.0,0.00181815762143,0.000212959417453,0.0,0.0,0.0,1,0,0,0,0
0.00101419878296,1,1,0,0.0,0.0,0.00232719175069,0.000221796154399,0.0,0.0,0.0,1,0,0,0,0
0.00101419878296,1,1,0,0.0,0.0,0.000419429441528,0.000224216056571,0.0,0.0,0.0,1,0,0,0,0
0.00101419878296,1,1,0,0.0,0.0,0.000881333005447,0.000222076758472,0.0,0.0,0.0,1,0,0,0,0
0.00101419878296,1,1,0,0.0,0.0,5.49396901056e-05,0.000213502899228,0.0,0.0,0.0,1,0,0,0,0
0.00101419878296,1,0,1,0.0,0.281790191169,0.0,0.000198382776707,49.0,27.0,22.0,0,1,49,27,22
0.00101419878296,1,1,0,0.0,0.0,0.00118193020964,0.000225834856287,0.0,0.0,0.0,1,0,0,0,0
0.00101419878296,1,1,0,0.0,0.0,0.000123644539444,0.000202267194616,0.0,0.0,0.0,1,0,0,0,0
0.00101419878296,1,1,0,0.0,0.0,0.000447910942245,0.000224767648101,0.0,0.0,0.0,1,0,0,0,0
0.00101419878296,1,1,0,0.0,0.0,0.000950264289739,0.000219365180238,0.0,0.0,0.0,1,0,0,0,0
0.00101419878296,1,0,1,0.0,0.0010152284264,0.0,0.000198382776707,4.0,4.0,0.0,0,1,4,4,0
0.00101419878296,1,1,0,0.0,0.0,0.000488349517016,0.000220630960219,0.0,0.0,0.0,1,0,0,0,0
0.00101419878296,1,1,0,0.0,0.0,0.000115472072344,0.000218955445359,0.0,0.0,0.0,1,0,0,0,0
0.00101419878296,1,1,0,0.0,0.0,0.000192059310698,0.000229916685618,0.0,0.0,0.0,1,0,0,0,0
0.00101419878296,1,1,0,0.0,0.0,0.000119392045365,0.000240644453034,0.0,0.0,0.0,1,0,0,0,0
0.00101419878296,1,0,1,0.0,0.297765698069,0.0,0.000198382776707,70.0,31.0,39.0,0,1,70,31,39
0.00101419878296,1,1,0,0.0,0.0,0.000306566109508,0.000217466339259,0.0,0.0,0.0,1,0,0,0,0
0.00101419878296,1,1,0,0.0,0.0,0.000469393161153,0.000229333192089,0.0,0.0,0.0,1,0,0,0,0
0.00101419878296,1,1,0,0.0,0.0,0.000423234332796,0.000250423610601,0.0,0.0,0.0,1,0,0,0,0
0.00101419878296,1,1,0,0.0,0.0,0.00220446380721,0.000218579279406,0.0,0.0,0.0,1,0,0,0,0
0.00101419878296,1,1,0,0.0,0.0,0.000305594514361,0.000220438443259,0.0,0.0,0.0,1,0,0,0,0
0.00101419878296,1,0,1,0.0,0.319717988289,0.0,0.000198382776707,191.0,82.0,109.0,0,1,191,82,109
0.00101419878296,1,0,1,0.0,0.292242995787,0.0,0.000198382776707,112.0,53.0,59.0,0,1,112,53,59
0.00101419878296,1,1,0,0.0,0.0,8.4754183586e-06,0.000219110202076,0.0,0.0,0.0,1,0,0,0,0
0.00101419878296,1,1,0,0.0,0.0,0.000416104618639,0.000246795368644,0.0,0.0,0.0,1,0,0,0,0
0.00101419878296,1,1,0,0.0,0.0,0.00173414010928,0.000221071313094,0.0,0.0,0.0,1,0,0,0,0
0.00101419878296,1,1,0,0.0,0.0,0.000627449325008,0.000210100206442,0.0,0.0,0.0,1,0,0,0,0
0.00101419878296,1,1,0,0.0,0.0,0.00016800525903,0.000226766124677,0.0,0.0,0.0,1,0,0,0,0
0.00101419878296,1,0,1,0.0,0.273792670539,0.0,0.000198382776707,48.0,29.0,19.0,0,1,48,29,19
0.00101419878296,1,1,0,0.0,0.0,8.4754183586e-06,0.000219110202076,0.0,0.0,0.0,1,0,0,0,0
0.00101419878296,1,1,0,0.0,0.0,0.000140845732901,0.000248659482764,0.0,0.0,0.0,1,0,0,0,0
0.00101419878296,1,1,0,0.0,0.0,0.000816501411159,0.000223091557803,0.0,0.0,0.0,1,0,0,0,0
0.00101419878296,1,0,1,0.0,0.246199502961,0.0,0.000198382776707,12.0,9.0,3.0,0,1,12,9,3
0.00101419878296,1,0,1,0.0,0.0010152284264,0.0,0.000198382776707,4.0,4.0,0.0,0,1,4,4,0
0.00101419878296,1,1,0,0.0,0.0,0.00173414010928,0.000221071313094,0.0,0.0,0.0,1,0,0,0,0
0.00101419878296,1,1,0,0.0,0.0,0.000566632276298,0.000234571228716,0.0,0.0,0.0,1,0,0,0,0
0.00101419878296,1,1,0,0.0,0.0,2.13340903415e-05,0.000205123323719,0.0,0.0,0.0,1,0,0,0,0
0.00101419878296,1,1,0,0.0,0.0,0.000114791245132,0.0002341926174,0.0,0.0,0.0,1,0,0,0,0
0.00101419878296,1,1,0,0.0,0.0,0.00095422463535,0.00022007517836,0.0,0.0,0.0,1,0,0,0,0
0.00101419878296,1,0,1,0.0,0.294886491382,0.0,0.000198382776707,97.0,60.0,37.0,0,1,97,60,37
0.00101419878296,1,0,1,0.0,0.249975169585,0.0,0.000198382776707,11.0,2.0,9.0,0,1,11,2,9
0.00101419878296,168,82,86,0.00449226280552,0.452492909226,0.0857908828334,0.00248871022535,140.232558139534883720930232,68.906976744186046511627906,71.325581395348837209302325,82,86,12060,5926,6134
0.00101419878296,168,117,51,0.00294959692562,0.431586329248,0.116737784191,0.00367847426387,158.68627450980392156862745,77.176470588235294117647058,81.509803921568627450980392,117,51,8093,3936,4157
0.00101419878296,24,16,8,7.21765089918e-05,0.337548377723,0.00824186662479,0.000720120470769,94.875,45.25,49.625,16,8,759,362,397
0.00101419878296,24,6,18,0.000114697378153,0.359271788171,0.00376242629941,0.000358633104326,72.055555555555555555555555,35.222222222222222222222222,36.833333333333333333333333,6,18,1297,634,663
0.00101419878296,24,13,11,9.85891199224e-05,0.375875583959,0.0114452422242,0.000522315625792,161.0,76.454545454545454545454545,84.545454545454545454545454,13,11,1771,841,930
0.00101419878296,24,11,13,0.0016656692619,0.365819199587,0.00707793067422,0.000547446360067,104.923076923076923076923076,47.76923076923076923076923,57.153846153846153846153846,11,13,1364,621,743
0.00101419878296,306,150,156,0.0153510087476,0.500237389043,0.135931991986,0.00467168538336,122.371794871794871794871794,61.198717948717948717948717,61.173076923076923076923076,150,156,19090,9547,9543
0.00101419878296,33,17,16,6.65863115657e-05,0.348650301455,0.0147226527998,0.000806949344731,98.6875,51.6875,47.0,17,16,1579,827,752
0.00101419878296,33,21,12,0.000281422181659,0.328155727213,0.00507452492921,0.00101942054305,59.5,31.75,27.75,21,12,714,381,333
0.00101419878296,33,19,14,0.000124701729829,0.39507860793,0.0180568094606,0.000765920272402,184.285714285714285714285714,86.285714285714285714285714,98.0,19,14,2580,1208,1372
0.00101419878296,33,9,24,1.71779431124e-05,0.347366611096,0.00765234614136,0.000435295941497,79.166666666666666666666666,39.916666666666666666666666,39.25,9,24,1900,958,942
0.00101419878296,33,19,14,0.000166438547026,0.35428002844,0.0157414156294,0.000878249714938,100.071428571428571428571428,52.142857142857142857142857,47.928571428571428571428571,19,14,1401,730,671
0.00101419878296,33,15,18,0.000256524639164,0.374384014181,0.0121583300144,0.000724588486634,113.444444444444444444444444,55.555555555555555555555555,57.888888888888888888888888,15,18,2042,1000,1042
0.00101419878296,202,96,106,0.0106845798396,0.457540114324,0.0728763068465,0.0034251871277,103.566037735849056603773584,50.047169811320754716981132,53.518867924528301886792452,96,106,10978,5305,5673
0.00101419878296,161,71,90,0.00463759968061,0.460892875299,0.0699461977294,0.00240382032281,119.955555555555555555555555,60.033333333333333333333333,59.922222222222222222222222,71,90,10796,5403,5393
0.00101419878296,161,73,88,0.0053980646831,0.455771843351,0.0635790603023,0.00269209802547,126.806818181818181818181818,59.943181818181818181818181,66.863636363636363636363636,73,88,11159,5275,5884
0.00101419878296,104,65,39,0.00106272423594,0.419496538789,0.0682306322303,0.00205667074928,157.666666666666666666666666,75.641025641025641025641025,82.025641025641025641025641,65,39,6149,2950,3199
0.00101419878296,104,51,53,0.00100020789998,0.40877284044,0.0365302417568,0.00159601199755,104.396226415094339622641509,50.754716981132075471698113,53.641509433962264150943396,51,53,5533,2690,2843
0.00101419878296,81,42,39,0.00134489620975,0.392449133002,0.0379746883099,0.00147701942999,114.179487179487179487179487,55.487179487179487179487179,58.692307692307692307692307,42,39,4453,2164,2289
0.00101419878296,81,31,50,0.00369857720379,0.419683147569,0.0286656935599,0.00126290728389,114.42,56.68,57.74,31,50,5721,2834,2887
0.00101419878296,81,37,44,0.00120290218181,0.412526329574,0.0282073598872,0.00133709527518,109.545454545454545454545454,53.40909090909090909090909,56.136363636363636363636363,37,44,4820,2350,2470
0.00101419878296,81,47,34,0.000745101572664,0.405087039818,0.0497120244323,0.00150863341296,138.676470588235294117647058,66.676470588235294117647058,72.0,47,34,4715,2267,2448
0.00101419878296,88,37,51,0.001662253402,0.407009368307,0.0301119546508,0.00133455069581,109.784313725490196078431372,54.176470588235294117647058,55.607843137254901960784313,37,51,5599,2763,2836
0.00101419878296,88,41,47,0.000466196703822,0.402666545342,0.0331593927441,0.00131713120189,113.170212765957446808510638,54.91489361702127659574468,58.255319148936170212765957,41,47,5319,2581,2738
0.00101419878296,88,39,49,0.00196263334466,0.436781349878,0.0322184609608,0.00135182795152,114.714285714285714285714285,55.122448979591836734693877,59.591836734693877551020408,39,49,5621,2701,2920
0.00101419878296,88,45,43,0.000931507275125,0.410373082095,0.0299882164218,0.00145481083901,112.558139534883720930232558,52.069767441860465116279069,60.488372093023255813953488,45,43,4840,2239,2601
0.00101419878296,88,39,49,0.000504066575417,0.425935763312,0.0490462793442,0.00135715915606,163.204081632653061224489795,80.326530612244897959183673,82.877551020408163265306122,39,49,7997,3936,4061
0.00101419878296,88,36,52,0.00313658733873,0.416717188929,0.0182570990406,0.00136127551287,84.038461538461538461538461,40.115384615384615384615384,43.923076923076923076923076,36,52,4370,2086,2284
0.00101419878296,232,114,118,0.00696064716987,0.484813831313,0.106285274591,0.0037672457213,137.983050847457627118644067,66.864406779661016949152542,71.118644067796610169491525,114,118,16282,7890,8392
0.00101419878296,232,108,124,0.00879371985155,0.485312610975,0.109048480675,0.00344886704828,125.782258064516129032258064,60.903225806451612903225806,64.879032258064516129032258,108,124,15597,7552,8045
0.00101419878296,97,43,54,0.0027741552837,0.427479708082,0.0363803551386,0.00133336942571,115.592592592592592592592592,54.425925925925925925925925,61.166666666666666666666666,43,54,6242,2939,3303
0.00101419878296,97,43,54,0.00250851303673,0.410194659016,0.0283723904517,0.00153394905845,90.722222222222222222222222,44.592592592592592592592592,46.129629629629629629629629,43,54,4899,2408,2491
0.00101419878296,97,44,53,0.00190445873682,0.415249874884,0.0255123281499,0.00172328689307,89.056603773584905660377358,43.264150943396226415094339,45.792452830188679245283018,44,53,4720,2293,2427
0.00101419878296,97,60,37,0.00363521441551,0.420994072171,0.0412125245622,0.00223969778983,139.297297297297297297297297,67.297297297297297297297297,72.0,60,37,5154,2490,2664
0.00101419878296,97,54,43,0.00138328901764,0.41001639102,0.0460415635952,0.00185040472664,116.069767441860465116279069,57.279069767441860465116279,58.79069767441860465116279,54,43,4991,2463,2528
0.00101419878296,97,44,53,0.00110676941502,0.430404979807,0.0494831241512,0.00133368668891,136.169811320754716981132075,63.830188679245283018867924,72.33962264150943396226415,44,53,7217,3383,3834
0.00101419878296,40,22,18,0.000255826229311,0.375576319959,0.0220307238637,0.000918176139424,122.0,56.277777777777777777777777,65.722222222222222222222222,22,18,2196,1013,1183
0.00101419878296,40,18,22,0.000146959837039,0.365819199587,0.00905629911009,0.00080345432776,92.863636363636363636363636,45.590909090909090909090909,47.272727272727272727272727,18,22,2043,1003,1040
0.00101419878296,40,21,19,6.05590339338e-05,0.34981376186,0.015699346256,0.000748378868871,95.052631578947368421052631,46.526315789473684210526315,48.526315789473684210526315,21,19,1806,884,922
0.00101419878296,40,20,20,0.00172011852438,0.381190996257,0.0124902681048,0.00103183258021,87.0,42.55,44.45,20,20,1740,851,889
0.00101419878296,40,28,12,0.000150823770949,0.368678278912,0.020008231397,0.000976816882796,124.833333333333333333333333,61.583333333333333333333333,63.25,28,12,1498,739,759
0.00101419878296,40,17,23,0.00173223434687,0.374384014181,0.0103574559036,0.000767553784094,86.391304347826086956521739,42.913043478260869565217391,43.478260869565217391304347,17,23,1987,987,1000
0.00101419878296,15,8,7,8.13709677117e-06,0.307412093756,0.0026729527764,0.000529597468303,59.571428571428571428571428,29.714285714285714285714285,29.857142857142857142857142,8,7,417,208,209
0.00101419878296,15,12,3,3.90226748115e-06,0.310548951855,0.00875321574581,0.000559849553233,91.0,59.666666666666666666666666,31.333333333333333333333333,12,3,273,179,94
0.00101419878296,15,12,3,0.00104731022489,0.306712521371,0.00457089188512,0.00120520631318,60.333333333333333333333333,29.333333333333333333333333,31.0,12,3,181,88,93
0.00101419878296,15,8,7,3.3593566938e-05,0.348392804925,0.00678743634968,0.000412259988325,136.857142857142857142857142,68.857142857142857142857142,68.0,8,7,958,482,476
0.00101419878296,15,8,7,3.92380100801e-05,0.390661580015,0.00705089866496,0.000404077990942,210.714285714285714285714285,91.285714285714285714285714,119.428571428571428571428571,8,7,1475,639,836
0.00101419878296,15,14,1,8.30022295758e-05,0.359682697574,0.00689160986294,0.000674206260482,544.0,211.0,333.0,14,1,544,211,333
0.00101419878296,15,14,1,2.19922717528e-07,0.286849411899,0.00620579574041,0.000597008876635,84.0,33.0,51.0,14,1,84,33,51
0.00101419878296,15,12,3,5.6880575656e-06,0.309530090465,0.00964506349777,0.000513543731489,91.333333333333333333333333,44.333333333333333333333333,47.0,12,3,274,133,141
0.00101419878296,15,8,7,5.75960323291e-05,0.337790087983,0.00428734227298,0.000455835605935,87.428571428571428571428571,47.0,40.428571428571428571428571,8,7,612,329,283
0.00101419878296,15,13,2,1.42245728452e-05,0.305224107323,0.0110662843276,0.000564385800836,77.0,35.5,41.5,13,2,154,71,83
0.00101419878296,15,7,8,0.000182158880162,0.331966120949,0.00175939110382,0.000437514414898,47.75,21.375,26.375,7,8,382,171,211
0.00101419878296,15,12,3,4.82729626418e-05,0.31167747464,0.00719272191935,0.00058325620076,96.666666666666666666666666,42.666666666666666666666666,54.0,12,3,290,128,162
0.00101419878296,138,75,63,0.00216795605142,0.44397539564,0.0765279337318,0.0023637252172,154.523809523809523809523809,75.603174603174603174603174,78.920634920634920634920634,75,63,9735,4763,4972
0.00101419878296,138,65,73,0.00314817975209,0.449689092343,0.0627332709412,0.00206658157194,134.246575342465753424657534,65.27397260273972602739726,68.972602739726027397260273,65,73,9800,4765,5035
0.00101419878296,115,49,66,0.00113308507662,0.449474852661,0.0515720252099,0.00156983471398,145.121212121212121212121212,70.196969696969696969696969,74.924242424242424242424242,49,66,9578,4633,4945
0.00101419878296,115,67,48,0.00225619046205,0.41912381863,0.0632220412711,0.00215518672036,134.708333333333333333333333,66.729166666666666666666666,67.979166666666666666666666,67,48,6466,3203,3263
0.00101419878296,115,57,58,0.00323946443905,0.420431245872,0.0446451739504,0.00198986751519,119.413793103448275862068965,58.448275862068965517241379,60.965517241379310344827586,57,58,6926,3390,3536
0.00101419878296,115,68,47,0.0011771358426,0.430208716706,0.0663224716628,0.00225330981579,146.97872340425531914893617,72.97872340425531914893617,74.0,68,47,6908,3430,3478
0.00101419878296,236,119,117,0.00859477114441,0.482088766344,0.111634504053,0.00364732473,137.829059829059829059829059,65.965811965811965811965811,71.863247863247863247863247,119,117,16126,7718,8408
0.00101419878296,165,60,105,0.00499372255823,0.462928221657,0.0479197087152,0.00210668752172,119.457142857142857142857142,57.35238095238095238095238,62.104761904761904761904761,60,105,12543,6022,6521
0.00101419878296,75,36,39,0.00156623579515,0.404565915839,0.0236172910166,0.00141349373397,112.153846153846153846153846,54.179487179487179487179487,57.974358974358974358974358,36,39,4374,2113,2261
0.00101419878296,75,37,38,0.00273510355657,0.4221242576,0.0235626714661,0.00143788153745,97.526315789473684210526315,45.447368421052631578947368,52.078947368421052631578947,37,38,3706,1727,1979
0.00101419878296,75,41,34,0.0012226833859,0.418565978587,0.0337812326262,0.00148218426957,141.029411764705882352941176,67.088235294117647058823529,73.941176470588235294117647,41,34,4795,2281,2514
0.00101419878296,75,46,29,0.00048621916526,0.40948251551,0.0503882454436,0.00159373918813,172.137931034482758620689655,81.103448275862068965517241,91.034482758620689655172413,46,29,4992,2352,2640
0.00101419878296,75,33,42,0.00137673466011,0.426128146222,0.029939672142,0.00120991526513,127.357142857142857142857142,59.833333333333333333333333,67.523809523809523809523809,33,42,5349,2513,2836
0.00101419878296,135,67,68,0.00233967411203,0.427673488548,0.0588589685368,0.00229629500662,113.573529411764705882352941,56.838235294117647058823529,56.735294117647058823529411,67,68,7723,3865,3858
0.00101419878296,172,95,77,0.00569506506346,0.448619931401,0.0962099759773,0.00327195565176,143.363636363636363636363636,70.64935064935064935064935,72.714285714285714285714285,95,77,11039,5440,5599
0.00101419878296,131,71,60,0.00435002555543,0.444393648486,0.0686034368267,0.00238335625498,142.533333333333333333333333,66.65,75.883333333333333333333333,71,60,8552,3999,4553
0.00101419878296,131,54,77,0.00520376452478,0.426706339094,0.038857632419,0.00209400374326,89.922077922077922077922077,44.311688311688311688311688,45.610389610389610389610389,54,77,6924,3412,3512
0.00101419878296,131,68,63,0.00605529499098,0.429230079953,0.058262039921,0.00250948946292,121.428571428571428571428571,59.682539682539682539682539,61.746031746031746031746031,68,63,7650,3760,3890
0.00101419878296,131,66,65,0.00737329125932,0.450333038537,0.0659271994383,0.00272375349754,144.861538461538461538461538,70.107692307692307692307692,74.753846153846153846153846,66,65,9416,4557,4859
0.00101419878296,371,168,203,0.0227096036068,0.51302214015,0.143489903231,0.00558932053433,108.315270935960591133004926,53.364532019704433497536945,54.95073891625615763546798,168,203,21988,10833,11155
0.00101419878296,31,23,8,2.42556423556e-05,0.351377175321,0.0118939106253,0.000892597670471,146.25,74.625,71.625,23,8,1170,597,573
0.00101419878296,31,23,8,0.000114007021978,0.335150165448,0.0142091944756,0.00096175125901,102.75,52.625,50.125,23,8,822,421,401
0.00101419878296,31,17,14,4.6859749334e-05,0.320900583584,0.00495692219282,0.000812000533541,60.642857142857142857142857,31.928571428571428571428571,28.714285714285714285714285,17,14,849,447,402
0.00101419878296,31,15,16,6.27440309384e-05,0.32895666518,0.00893817648465,0.000772150848341,79.1875,43.3125,35.875,15,16,1267,693,574
0.00101419878296,31,16,15,0.0011452589232,0.363984458231,0.00806039183931,0.000773914216625,79.066666666666666666666666,38.4,40.666666666666666666666666,16,15,1186,576,610
0.00101419878296,31,18,13,2.86152989085e-05,0.323986166118,0.00478443701372,0.000858377251489,70.307692307692307692307692,35.692307692307692307692307,34.615384615384615384615384,18,13,914,464,450
0.00101419878296,31,17,14,0.000368485856181,0.347622592386,0.00776921429373,0.00101175979727,72.0,38.071428571428571428571428,33.928571428571428571428571,17,14,1008,533,475
0.00101419878296,54,33,21,0.000510349880578,0.363004123023,0.0181906662016,0.00121087155229,82.0,40.0,42.0,33,21,1722,840,882
0.00101419878296,54,24,30,0.000641766627945,0.386817431626,0.0128970929688,0.000968093015287,81.366666666666666666666666,40.833333333333333333333333,40.533333333333333333333333,24,30,2441,1225,1216
0.00101419878296,54,26,28,0.00138022054647,0.406483289847,0.0217388259687,0.00134097437366,121.071428571428571428571428,57.428571428571428571428571,63.642857142857142857142857,26,28,3390,1608,1782
0.00101419878296,54,31,23,0.00043857619115,0.376625834625,0.0183592127113,0.00125667588474,109.260869565217391304347826,54.869565217391304347826086,54.391304347826086956521739,31,23,2513,1262,1251
0.00101419878296,54,45,9,0.000394373204753,0.370852089519,0.0335161655483,0.00155766002401,141.555555555555555555555555,68.111111111111111111111111,73.444444444444444444444444,45,9,1274,613,661
0.00101419878296,6,4,2,7.36954432634e-08,0.292089076079,0.00176391239683,0.000354422581716,69.0,38.5,30.5,4,2,138,77,61
0.00101419878296,6,6,0,0.0,0.0,0.00601421478968,0.000339010455179,0.0,0.0,0.0,6,0,0,0,0
0.00101419878296,6,5,1,2.12262368603e-07,0.321666456098,0.00992537809686,0.000318320656073,217.0,93.0,124.0,5,1,217,93,124
0.00101419878296,6,6,0,0.0,0.0,0.00508484544398,0.000348718134702,0.0,0.0,0.0,6,0,0,0,0
0.00101419878296,6,4,2,0.0,0.309428571904,0.00188546228376,0.000320439655264,118.5,56.5,62.0,4,2,237,113,124
0.00101419878296,6,6,0,0.0,0.0,0.00817399469344,0.00032164718756,0.0,0.0,0.0,6,0,0,0,0
0.00101419878296,6,3,3,0.00101490319901,0.302581050589,0.00113882017423,0.000646458249805,62.333333333333333333333333,29.333333333333333333333333,33.0,3,3,187,88,99
0.00101419878296,6,6,0,0.0,0.0,0.00777014628035,0.000328561965668,0.0,0.0,0.0,6,0,0,0,0
0.00101419878296,6,3,3,1.81124659368e-06,0.3316160688,0.0016486345535,0.000283795736553,115.0,54.0,61.0,3,3,345,162,183
0.00101419878296,6,6,0,0.0,0.0,0.00488816635455,0.000347500631876,0.0,0.0,0.0,6,0,0,0,0
0.00101419878296,6,3,3,0.0,0.308014272196,0.00158029911287,0.000312964285387,106.333333333333333333333333,56.333333333333333333333333,50.0,3,3,319,169,150
0.00101419878296,6,4,2,0.000996540945823,0.297523719879,0.000558478292609,0.00100360527133,37.5,17.5,20.0,4,2,75,35,40
0.00101419878296,6,4,2,4.65804454908e-06,0.292723461289,0.000958452374025,0.000329982918272,57.0,27.0,30.0,4,2,114,54,60
0.00101419878296,6,5,1,3.37557548798e-07,0.282047149697,0.00356711020174,0.000362489558822,52.0,26.0,26.0,5,1,52,26,26
0.00101419878296,6,3,3,4.956908996e-06,0.307512293265,0.00143976789075,0.000342176925649,67.0,33.333333333333333333333333,33.666666666666666666666666,3,3,201,100,101
0.00101419878296,6,2,4,3.22088373772e-06,0.30084429711,0.000830307264305,0.000264009384331,62.75,31.5,31.25,2,4,251,126,125
0.00101419878296,6,3,3,0.00123842667553,0.337911072971,0.00163976455012,0.000641100190363,121.666666666666666666666666,54.0,67.666666666666666666666666,3,3,365,162,203
0.00101419878296,6,4,2,8.48433445966e-07,0.304829633517,0.00424733455724,0.000303522980851,85.5,39.5,46.0,4,2,171,79,92
0.00101419878296,6,6,0,0.0,0.0,0.00228894192407,0.000379468091509,0.0,0.0,0.0,6,0,0,0,0
0.00101419878296,6,5,1,0.000296734346884,0.328155727213,0.000525124431694,0.000565374322611,278.0,123.0,155.0,5,1,278,123,155
0.00101419878296,6,4,2,9.38082936876e-07,0.291277467038,0.0021420053737,0.000344307566539,53.0,32.5,20.5,4,2,106,65,41
0.00101419878296,6,3,3,6.59394982295e-06,0.312296496437,0.00126813283513,0.000276935297541,73.666666666666666666666666,39.666666666666666666666666,34.0,3,3,221,119,102
0.00101419878296,6,3,3,1.96595188064e-06,0.313854862188,0.0019897484852,0.000312515720298,88.0,43.0,45.0,3,3,264,129,135
0.00101419878296,6,6,0,0.0,0.0,0.0052396602249,0.000338841555601,0.0,0.0,0.0,6,0,0,0,0
0.00101419878296,6,6,0,0.0,0.0,0.00608604191893,0.000364972458162,0.0,0.0,0.0,6,0,0,0,0
0.00101419878296,223,106,117,0.00699979237969,0.48159658792,0.0944371883472,0.00327042570136,131.692307692307692307692307,62.948717948717948717948717,68.743589743589743589743589,106,117,15408,7365,8043
0.00101419878296,145,61,84,0.00866591069694,0.444603070564,0.0293530985344,0.00242282949847,79.785714285714285714285714,39.071428571428571428571428,40.714285714285714285714285,61,84,6702,3282,3420
0.00101419878296,124,60,64,0.00319076685473,0.444184423605,0.0597711154982,0.00215566785431,143.84375,67.421875,76.421875,60,64,9206,4315,4891
0.00101419878296,154,76,78,0.0078677799248,0.440451781389,0.0391225788783,0.00267880718934,84.564102564102564102564102,41.166666666666666666666666,43.397435897435897435897435,76,78,6596,3211,3385
0.00101419878296,179,91,88,0.00556789801416,0.458652268224,0.0950653391959,0.00320090454309,148.40909090909090909090909,72.420454545454545454545454,75.988636363636363636363636,91,88,13060,6373,6687
0.00101419878296,29,13,16,0.000278062604955,0.377681231279,0.0116134398068,0.000619027660818,125.1875,61.0,64.1875,13,16,2003,976,1027
0.00101419878296,29,22,7,4.70111777258e-05,0.369689543784,0.0181323283498,0.000747145931495,182.571428571428571428571428,84.428571428571428571428571,98.142857142857142857142857,22,7,1278,591,687
0.00101419878296,29,16,13,0.00254377388247,0.351770214667,0.00902885322969,0.00130349327426,75.76923076923076923076923,40.153846153846153846153846,35.615384615384615384615384,16,13,985,522,463
0.00101419878296,29,13,16,0.000104784807419,0.399765981244,0.0161948767879,0.000526921147984,165.875,76.8125,89.0625,13,16,2654,1229,1425
0.00101419878296,29,18,11,0.000130316745022,0.34244926161,0.00921948186313,0.00075854979552,71.545454545454545454545454,36.454545454545454545454545,35.090909090909090909090909,18,11,787,401,386
0.00101419878296,29,15,14,0.000108387102483,0.350203309479,0.00984189921364,0.000688391289143,83.0,41.714285714285714285714285,41.285714285714285714285714,15,14,1162,584,578
0.00101419878296,29,15,14,3.86294236469e-05,0.339003850426,0.0113512705562,0.000596898922479,106.571428571428571428571428,51.428571428571428571428571,55.142857142857142857142857,15,14,1492,720,772
0.00101419878296,29,13,16,0.000131610720727,0.36356366695,0.0100565060271,0.000603181834402,88.0625,43.6875,44.375,13,16,1409,699,710
0.00101419878296,29,6,23,0.00102341247757,0.36454703081,0.00338714309455,0.000408809460498,74.434782608695652173913043,37.869565217391304347826086,36.565217391304347826086956,6,23,1712,871,841
0.00101419878296,29,5,24,0.00016518161436,0.365819199587,0.0037088647818,0.000390926851608,82.666666666666666666666666,42.083333333333333333333333,40.583333333333333333333333,5,24,1984,1010,974
0.00101419878296,29,14,15,0.000129851988506,0.329876823684,0.00445653584012,0.000770269287876,61.8,32.533333333333333333333333,29.266666666666666666666666,14,15,927,488,439
0.00101419878296,74,41,33,0.000456466022861,0.370997922035,0.0307599510164,0.00146481336338,98.636363636363636363636363,48.090909090909090909090909,50.545454545454545454545454,41,33,3255,1587,1668
0.00101419878296,74,37,37,0.0016293511918,0.390015591458,0.0301621656416,0.00135457205544,105.567567567567567567567567,51.837837837837837837837837,53.729729729729729729729729,37,37,3906,1918,1988
0.00101419878296,74,40,34,0.000349809027628,0.383983604288,0.0367283966246,0.00126267872863,126.352941176470588235294117,61.470588235294117647058823,64.882352941176470588235294,40,34,4296,2090,2206
0.00101419878296,74,44,30,0.00137740404999,0.405435202293,0.0366740944449,0.0015721883546,141.466666666666666666666666,67.233333333333333333333333,74.233333333333333333333333,44,30,4244,2017,2227
0.00101419878296,74,42,32,0.000722492613191,0.392612449328,0.0238946477296,0.00161961758532,94.9375,46.84375,48.09375,42,32,3038,1499,1539
0.00101419878296,74,40,34,0.00105076940978,0.401809078252,0.0351886290673,0.00138248767346,109.352941176470588235294117,56.323529411764705882352941,53.029411764705882352941176,40,34,3718,1915,1803
0.00101419878296,36,20,16,0.000197544677552,0.357231244126,0.0110633343857,0.000849065728049,84.375,41.4375,42.9375,20,16,1350,663,687
0.00101419878296,36,16,20,0.000363941149021,0.409304865829,0.0170333439895,0.000609429863971,158.0,76.65,81.35,16,20,3160,1533,1627
0.00101419878296,36,22,14,0.000205947852723,0.343696799904,0.00855917183562,0.000973754081193,81.071428571428571428571428,40.928571428571428571428571,40.142857142857142857142857,22,14,1135,573,562
0.00101419878296,36,23,13,0.000328561407659,0.374384014181,0.0186341279355,0.000966156823973,142.153846153846153846153846,65.076923076923076923076923,77.076923076923076923076923,23,13,1848,846,1002
0.00101419878296,36,19,17,0.000477057478986,0.359408653614,0.0104713242514,0.00112260269016,87.823529411764705882352941,44.41176470588235294117647,43.41176470588235294117647,19,17,1493,755,738
0.00101419878296,36,25,11,7.81009638942e-05,0.350593725654,0.0210330500965,0.000882804254311,116.090909090909090909090909,57.90909090909090909090909,58.181818181818181818181818,25,11,1277,637,640
0.00101419878296,36,18,18,0.000178422567695,0.365252696762,0.0108732343999,0.000850843168937,75.222222222222222222222222,35.722222222222222222222222,39.5,18,18,1354,643,711
0.00101419878296,36,19,17,0.00105120307032,0.342200839948,0.0073600699277,0.000844136277364,72.764705882352941176470588,34.647058823529411764705882,38.117647058823529411764705,19,17,1237,589,648
0.00101419878296,109,61,48,0.0021914187607,0.444184423605,0.0596992885871,0.00219749669271,162.583333333333333333333333,80.1875,82.395833333333333333333333,61,48,7804,3849,3955
0.00101419878296,109,52,57,0.00381451826169,0.432575752286,0.0482859910016,0.00208698020537,129.438596491228070175438596,62.315789473684210526315789,67.122807017543859649122807,52,57,7378,3552,3826
0.00101419878296,118,61,57,0.00436282974809,0.423450500779,0.0455467956872,0.00232960578855,118.157894736842105263157894,56.947368421052631578947368,61.210526315789473684210526,61,57,6735,3246,3489
0.00101419878296,20,11,9,0.00105297801544,0.331849354814,0.00357248800257,0.000825136605078,78.888888888888888888888888,37.666666666666666666666666,41.222222222222222222222222,11,9,710,339,371
0.00101419878296,20,13,7,9.47899252175e-06,0.329876823684,0.00902040406197,0.000554638551301,121.428571428571428571428571,60.142857142857142857142857,61.285714285714285714285714,13,7,850,421,429
0.00101419878296,20,18,2,1.140038471e-05,0.304534446655,0.0143567735472,0.000671138242372,78.5,36.0,42.5,18,2,157,72,85
0.00101419878296,20,11,9,3.98715581586e-05,0.34382205384,0.00811759103373,0.000521865741852,112.888888888888888888888888,53.666666666666666666666666,59.222222222222222222222222,11,9,1016,483,533
0.00101419878296,20,20,0,0.0,0.0,0.0199717857355,0.000704306023135,0.0,0.0,0.0,20,0,0,0,0
0.00101419878296,20,8,12,0.00103553398398,0.316699468189,0.00251746578197,0.00312868705512,60.083333333333333333333333,29.5,30.583333333333333333333333,8,12,721,354,367
0.00101419878296,20,13,7,0.000155205918297,0.346092338861,0.00724523974226,0.000676382864371,105.0,51.571428571428571428571428,53.428571428571428571428571,13,7,735,361,374
0.00101419878296,20,10,10,7.65025356224e-06,0.334082052314,0.00719796868128,0.000545911914349,106.0,52.7,53.3,10,10,1060,527,533
0.00101419878296,20,9,11,0.000272434729967,0.333138317703,0.00400258551254,0.000582523810051,47.545454545454545454545454,24.90909090909090909090909,22.636363636363636363636363,9,11,523,274,249
0.00101419878296,20,16,4,5.20536572336e-05,0.339369681919,0.00951625818931,0.000812050529252,152.75,74.25,78.5,16,4,611,297,314
0.00101419878296,20,8,12,5.74512823801e-05,0.411626403026,0.0119363679516,0.000385318713692,254.166666666666666666666666,111.583333333333333333333333,142.583333333333333333333333,8,12,3050,1339,1711
0.00101419878296,45,20,25,0.00245893983569,0.415615733804,0.0236230428575,0.000807413196614,178.76,84.64,94.12,20,25,4469,2116,2353
0.00101419878296,45,26,19,0.00035970866281,0.371436108557,0.0192110455707,0.000882939078831,100.052631578947368421052631,47.578947368421052631578947,52.473684210526315789473684,26,19,1901,904,997
0.00101419878296,45,26,19,0.000309280987213,0.384923588632,0.0163051885048,0.000937933543037,125.894736842105263157894736,59.947368421052631578947368,65.947368421052631578947368,26,19,2392,1139,1253
0.00101419878296,100,50,50,0.00510352658773,0.431981554824,0.0349345424305,0.00213383741366,131.72,62.48,69.24,50,50,6586,3124,3462
0.00101419878296,100,44,56,0.000765629019041,0.435973990636,0.0458329897836,0.00132017551991,148.982142857142857142857142,69.160714285714285714285714,79.821428571428571428571428,44,56,8343,3873,4470
0.00101419878296,84,33,51,0.00247523965691,0.405609508055,0.021045250293,0.00175092061323,84.529411764705882352941176,42.588235294117647058823529,41.941176470588235294117647,33,51,4311,2172,2139
0.00101419878296,84,49,35,0.00106401253787,0.405958569594,0.0388727087354,0.00168895489872,113.428571428571428571428571,55.285714285714285714285714,58.142857142857142857142857,49,35,3970,1935,2035
0.00101419878296,84,44,40,0.000902536719702,0.410373082095,0.0395490226929,0.00157874795752,126.6,60.05,66.55,44,40,5064,2402,2662
0.00101419878296,71,31,40,0.00253611836039,0.405783963757,0.030383330743,0.00114432149337,95.425,46.825,48.6,31,40,3817,1873,1944
0.00101419878296,71,41,30,0.000635545579733,0.390176888228,0.0326041303239,0.00148440104513,113.633333333333333333333333,55.366666666666666666666666,58.266666666666666666666666,41,30,3409,1661,1748
0.00101419878296,71,31,40,0.00159788361167,0.414702292631,0.0177742950636,0.00138852418969,97.9,48.5,49.4,31,40,3916,1940,1976
0.00101419878296,71,28,43,0.000637751859483,0.396573230658,0.0144011561757,0.00101905607793,85.093023255813953488372093,42.395348837209302325581395,42.697674418604651162790697,28,43,3659,1823,1836
0.00101419878296,199,95,104,0.00410842385784,0.466130294336,0.100992852381,0.00293406137426,141.673076923076923076923076,69.028846153846153846153846,72.64423076923076923076923,95,104,14734,7179,7555
0.00101419878296,11,7,4,3.42389658988e-06,0.32376380087,0.00300264565411,0.000423749842539,113.5,52.25,61.25,7,4,454,209,245
0.00101419878296,11,7,4,4.97201514606e-05,0.332668447016,0.00501539707801,0.000479556828651,129.5,66.25,63.25,7,4,518,265,253
0.00101419878296,11,5,6,9.8148679782e-06,0.34545870221,0.00341338157862,0.00035414776171,120.5,58.333333333333333333333333,62.166666666666666666666666,5,6,723,350,373
0.00101419878296,11,9,2,3.48053735044e-06,0.327813660784,0.0104655816755,0.000453929285079,173.0,85.0,88.0,9,2,346,170,176
0.00101419878296,11,8,3,1.93640070232e-05,0.30681226528,0.00638854373181,0.000366321615897,66.666666666666666666666666,31.666666666666666666666666,35.0,8,3,200,95,105
0.00101419878296,11,4,7,8.42131136658e-06,0.347366611096,0.00330378195181,0.00032522285001,117.571428571428571428571428,55.285714285714285714285714,62.285714285714285714285714,4,7,823,387,436
0.00101419878296,11,4,7,2.52736729486e-06,0.373346939349,0.00579269176315,0.000298829730571,199.857142857142857142857142,98.857142857142857142857142,101.0,4,7,1399,692,707
0.00101419878296,11,11,0,0.0,0.0,0.00299378178621,0.0005559271385,0.0,0.0,0.0,11,0,0,0,0
0.00101419878296,11,11,0,0.0,0.0,0.00575846354972,0.000500326250693,0.0,0.0,0.0,11,0,0,0,0
0.00101419878296,11,6,5,1.24365114709e-06,0.358998369763,0.00910888024737,0.000355375033224,229.8,112.6,117.2,6,5,1149,563,586
0.00101419878296,11,8,3,2.90774410401e-06,0.32769979706,0.00909686607273,0.000409641771294,164.333333333333333333333333,87.333333333333333333333333,77.0,8,3,493,262,231
0.00101419878296,11,11,0,0.0,0.0,0.00833797154441,0.000467036783975,0.0,0.0,0.0,11,0,0,0,0
0.00101419878296,11,2,9,0.000994654975378,0.334912217159,0.000590016086608,0.00038800390704,122.0,62.222222222222222222222222,59.777777777777777777777777,2,9,1098,560,538
0.00101419878296,125,50,75,0.00333661883227,0.430012632514,0.0387841728603,0.00182888464473,109.866666666666666666666666,55.653333333333333333333333,54.213333333333333333333333,50,75,8240,4174,4066
0.00101419878296,125,62,63,0.00536524890862,0.437591704887,0.0374967915708,0.00215038519404,96.365079365079365079365079,47.031746031746031746031746,49.333333333333333333333333,62,63,6071,2963,3108
0.00101419878296,61,30,31,0.00105035902378,0.401467113079,0.0188590893277,0.00118383882091,97.870967741935483870967741,46.548387096774193548387096,51.322580645161290322580645,30,31,3034,1443,1591
0.00101419878296,61,33,28,0.00168376538798,0.377530098334,0.0154661689107,0.00140687252835,80.428571428571428571428571,40.142857142857142857142857,40.285714285714285714285714,33,28,2252,1124,1128
0.00101419878296,61,25,36,0.00120938444673,0.384139949404,0.0201656418262,0.00111130598904,87.638888888888888888888888,45.5,42.138888888888888888888888,25,36,3155,1638,1517
0.00101419878296,61,34,27,0.00183479499833,0.404046130936,0.0191626807874,0.00126768564335,106.185185185185185185185185,49.0,57.185185185185185185185185,34,27,2867,1323,1544
0.00101419878296,61,42,19,0.000235898635703,0.380729505947,0.0406350334047,0.00149913423525,151.578947368421052631578947,74.157894736842105263157894,77.421052631578947368421052,42,19,2880,1409,1471
0.00101419878296,61,28,33,0.000907401772735,0.360645151275,0.0121583915237,0.00152248620528,73.575757575757575757575757,37.90909090909090909090909,35.666666666666666666666666,28,33,2428,1251,1177
0.00101419878296,61,35,26,0.00059906974829,0.402323119717,0.0293002992293,0.0012542662471,122.346153846153846153846153,57.576923076923076923076923,64.76923076923076923076923,35,26,3181,1497,1684
0.00101419878296,367,178,189,0.0254663215036,0.509971738236,0.139899183517,0.00591888971571,110.708994708994708994708994,54.328042328042328042328042,56.380952380952380952380952,178,189,20924,10268,10656
0.00101419878296,59,17,42,0.00130257245479,0.41653320783,0.0100467687207,0.000708773876832,94.523809523809523809523809,48.333333333333333333333333,46.190476190476190476190476,17,42,3970,2030,1940
0.00101419878296,59,51,8,8.67309830895e-05,0.349554544548,0.0462298237413,0.00155888906676,146.5,69.75,76.75,51,8,1172,558,614
0.00101419878296,59,29,30,0.00052589349321,0.408418924561,0.0231734852582,0.00125748904105,139.9,65.033333333333333333333333,74.866666666666666666666666,29,30,4197,1951,2246
0.00101419878296,59,34,25,0.00107537049204,0.402666545342,0.0303288796988,0.0014483918044,123.92,56.92,67.0,34,25,3098,1423,1675
0.00101419878296,59,29,30,0.000578913666138,0.407360844446,0.0221288555062,0.00114553938763,120.4,58.933333333333333333333333,61.466666666666666666666666,29,30,3612,1768,1844
0.00101419878296,50,22,28,0.000464438748982,0.365961099975,0.00749314598557,0.000967086116083,75.821428571428571428571428,37.035714285714285714285714,38.785714285714285714285714,22,28,2123,1037,1086
0.00101419878296,50,50,0,0.0,0.0,0.0326827837628,0.00167135608435,0.0,0.0,0.0,50,0,0,0,0
0.00101419878296,50,32,18,0.000243471678285,0.36356366695,0.0230323432555,0.00133650924301,93.222222222222222222222222,48.833333333333333333333333,44.388888888888888888888888,32,18,1678,879,799
0.00101419878296,50,19,31,0.000185221908623,0.354413116355,0.00562794165743,0.000954134682957,68.064516129032258064516129,33.838709677419354838709677,34.225806451612903225806451,19,31,2110,1049,1061
0.00101419878296,50,37,13,0.000529335118407,0.402838478111,0.0354408558854,0.00122381234548,222.615384615384615384615384,96.538461538461538461538461,126.076923076923076923076923,37,13,2894,1255,1639
0.00101419878296,32,16,16,9.47105889375e-05,0.370124643286,0.0119590582491,0.000694259239909,121.75,58.25,63.5,16,16,1948,932,1016
0.00101419878296,32,14,18,4.10430468658e-05,0.364265527311,0.00964053295577,0.000651995150037,108.444444444444444444444444,55.222222222222222222222222,53.222222222222222222222222,14,18,1952,994,958
0.00101419878296,32,10,22,0.000181740514129,0.350203309479,0.00284991925056,0.00061331059884,51.954545454545454545454545,25.636363636363636363636363,26.318181818181818181818181,10,22,1143,564,579
0.00101419878296,32,19,13,0.00110266943029,0.358589021564,0.00790733655381,0.000925459642976,81.615384615384615384615384,36.76923076923076923076923,44.846153846153846153846153,19,13,1061,478,583
0.00101419878296,32,22,10,0.000182277139437,0.386026070268,0.0210866900398,0.00090752799237,148.5,64.1,84.4,22,10,1485,641,844
0.00101419878296,2,2,0,0.0,0.0,0.00128128640214,0.000246257526835,0.0,0.0,0.0,2,0,0,0,0
0.00101419878296,2,2,0,0.0,0.0,0.00140137527885,0.000249625040324,0.0,0.0,0.0,2,0,0,0,0
0.00101419878296,2,2,0,0.0,0.0,0.0024694255414,0.000247061133736,0.0,0.0,0.0,2,0,0,0,0
0.00101419878296,2,1,1,0.0,0.336705109114,0.00232719175069,0.000221796154399,371.0,168.0,203.0,1,1,371,168,203
0.00101419878296,2,1,1,0.0,0.293817413808,0.000464912187444,0.000219859069227,81.0,31.0,50.0,1,1,81,31,50
0.00101419878296,2,1,1,0.0,0.304829633517,0.000950264289739,0.000219365180238,114.0,48.0,66.0,1,1,114,48,66
0.00101419878296,2,1,1,0.000993561966077,0.308618814438,5.02927883675e-05,0.000426763357715,131.0,66.0,65.0,1,1,131,66,65
0.00101419878296,2,1,1,0.0,0.29612294907,0.00051885138308,0.000231883829302,101.0,46.0,55.0,1,1,101,46,55
0.00101419878296,2,2,0,0.0,0.0,0.00416313973456,0.00024567450448,0.0,0.0,0.0,2,0,0,0,0
0.00101419878296,2,2,0,0.0,0.0,0.0022072204729,0.00027761789079,0.0,0.0,0.0,2,0,0,0,0
0.00101419878296,2,1,1,0.0,0.306712521371,0.000851534315018,0.000220095482523,106.0,46.0,60.0,1,1,106,46,60
0.00101419878296,2,2,0,0.0,0.0,0.00125906604886,0.000259572788088,0.0,0.0,0.0,2,0,0,0,0
0.00101419878296,2,1,1,0.0,0.275620133139,0.000489177281393,0.000229521043007,66.0,32.0,34.0,1,1,66,32,34
0.00101419878296,2,2,0,0.0,0.0,0.000220779916102,0.000276890829359,0.0,0.0,0.0,2,0,0,0,0
0.00101419878296,2,2,0,0.0,0.0,0.00318611296125,0.00023727697003,0.0,0.0,0.0,2,0,0,0,0
0.00101419878296,2,1,1,0.0,0.286675088343,0.000386586645981,0.000262305418647,42.0,25.0,17.0,1,1,42,25,17
0.00101419878296,2,1,1,0.0,0.279540063922,0.000416104618639,0.000246795368644,42.0,24.0,18.0,1,1,42,24,18
0.00101419878296,2,1,1,0.0,0.327927603662,0.00129892572247,0.000226621413297,278.0,123.0,155.0,1,1,278,123,155
0.00101419878296,2,1,1,1.18257318302e-07,0.285979907771,0.00220446380721,0.000218579279406,107.0,65.0,42.0,1,1,107,65,42
0.00101419878296,2,2,0,0.0,0.0,0.00266215416214,0.000249687461373,0.0,0.0,0.0,2,0,0,0,0
0.00101419878296,2,2,0,0.0,0.0,0.0012788594523,0.000277767470608,0.0,0.0,0.0,2,0,0,0,0
0.00101419878296,2,2,0,0.0,0.0,0.000369269636258,0.000235571528049,0.0,0.0,0.0,2,0,0,0,0
0.00101419878296,2,2,0,0.0,0.0,0.00325026771133,0.00024663520156,0.0,0.0,0.0,2,0,0,0,0
0.00101419878296,2,2,0,0.0,0.0,0.00166881890284,0.000257627457822,0.0,0.0,0.0,2,0,0,0,0
0.00101419878296,2,1,1,4.01630374455e-07,0.296308955947,0.000816501411159,0.000223091557803,101.0,46.0,55.0,1,1,101,46,55
0.00101419878296,2,1,1,1.04026295119e-06,0.287811993818,5.67921141917e-05,0.000215425753498,34.0,16.0,18.0,1,1,34,16,18
0.00101419878296,2,1,1,1.36830982772e-06,0.286588005995,5.67921141917e-05,0.000215425753498,75.0,36.0,39.0,1,1,75,36,39
0.00101419878296,2,2,0,0.0,0.0,0.000706248381215,0.000242709837383,0.0,0.0,0.0,2,0,0,0,0
0.00101419878296,2,2,0,0.0,0.0,0.00291607031892,0.000248523392674,0.0,0.0,0.0,2,0,0,0,0
0.00101419878296,2,1,1,4.14498767135e-07,0.284085430815,0.000469393161153,0.000229333192089,52.0,18.0,34.0,1,1,52,18,34
0.00101419878296,2,1,1,0.0,0.327927603662,0.00129892572247,0.000226621413297,278.0,123.0,155.0,1,1,278,123,155
0.00101419878296,2,1,1,0.0,0.305619603413,0.000927131429905,0.000231164281782,146.0,74.0,72.0,1,1,146,74,72
0.00101419878296,2,1,1,0.0,0.294183883921,0.000724050310136,0.000227551031403,115.0,57.0,58.0,1,1,115,57,58
0.00101419878296,2,2,0,0.0,0.0,0.00147618107285,0.000251778574478,0.0,0.0,0.0,2,0,0,0,0
0.00101419878296,2,2,0,0.0,0.0,0.000728148859542,0.000304615468357,0.0,0.0,0.0,2,0,0,0,0
0.00101419878296,2,2,0,0.0,0.0,0.0025766704824,0.000254296604706,0.0,0.0,0.0,2,0,0,0,0
0.00101419878296,2,2,0,0.0,0.0,0.00150617066087,0.000276549743196,0.0,0.0,0.0,2,0,0,0,0
0.00101419878296,2,1,1,0.0,0.327927603662,0.00129892572247,0.000226621413297,278.0,123.0,155.0,1,1,278,123,155
0.00101419878296,2,2,0,0.0,0.0,0.00139788633336,0.000245843542638,0.0,0.0,0.0,2,0,0,0,0
0.00101419878296,2,1,1,0.0,0.297711491239,0.000509062554983,0.000229346735854,94.0,45.0,49.0,1,1,94,45,49
0.00101419878296,25,12,13,0.000109853618519,0.356556203982,0.00640375979074,0.000599934074104,87.230769230769230769230769,44.153846153846153846153846,43.076923076923076923076923,12,13,1134,574,560
0.00101419878296,25,14,11,6.37241474632e-05,0.375128316396,0.010187036542,0.000570361090539,164.272727272727272727272727,78.727272727272727272727272,85.545454545454545454545454,14,11,1807,866,941
0.00101419878296,25,13,12,9.76243606725e-05,0.335746518056,0.0051923155698,0.000716984574094,67.833333333333333333333333,36.916666666666666666666666,30.916666666666666666666666,13,12,814,443,371
0.00101419878296,25,8,17,5.59482583244e-05,0.364406224695,0.00356272724744,0.000488500804721,86.058823529411764705882352,43.823529411764705882352941,42.235294117647058823529411,8,17,1463,745,718
0.00101419878296,25,25,0,0.0,0.0,0.0224405557861,0.00087180258478,0.0,0.0,0.0,25,0,0,0,0
0.00101419878296,25,18,7,2.78403098743e-05,0.32826990805,0.01419152935,0.000781539162265,87.714285714285714285714285,44.857142857142857142857142,42.857142857142857142857142,18,7,614,314,300
0.00101419878296,25,12,13,8.00323427582e-05,0.397575944263,0.0126313809114,0.000546698268036,169.615384615384615384615384,77.076923076923076923076923,92.538461538461538461538461,12,13,2205,1002,1203
0.00101419878296,25,13,12,0.00115501291483,0.362168029073,0.00868368389011,0.000709133419447,83.083333333333333333333333,40.083333333333333333333333,43.0,13,12,997,481,516
0.00101419878296,25,12,13,9.18939404925e-05,0.370852089519,0.00884439075794,0.000581122185818,113.0,56.230769230769230769230769,56.76923076923076923076923,12,13,1469,731,738
0.00101419878296,25,14,11,0.000201704203951,0.344575498808,0.00829904286209,0.00062748938045,82.818181818181818181818181,41.636363636363636363636363,41.181818181818181818181818,14,11,911,458,453
0.00101419878296,25,15,10,3.19886304268e-05,0.329416101863,0.00408742880079,0.000777610867859,83.4,40.8,42.6,15,10,834,408,426
0.00101419878296,25,11,14,6.34086882158e-05,0.329876823684,0.0042978241839,0.000609944539979,76.5,38.357142857142857142857142,38.142857142857142857142857,11,14,1071,537,534
0.00101419878296,25,14,11,0.000157944879253,0.348779192509,0.00811114531628,0.00105923721128,74.545454545454545454545454,35.545454545454545454545454,39.0,14,11,820,391,429
0.00101419878296,25,15,10,3.23153933328e-05,0.37114386929,0.0123636825354,0.000628214937351,140.8,67.0,73.8,15,10,1408,670,738
0.00101419878296,70,31,39,0.00494909867858,0.426899418885,0.0260360946137,0.00174846597725,141.871794871794871794871794,69.743589743589743589743589,72.128205128205128205128205,31,39,5533,2720,2813
0.00101419878296,70,27,43,0.000679990632375,0.374532638244,0.00940692439874,0.00106819612112,72.348837209302325581395348,36.069767441860465116279069,36.279069767441860465116279,27,43,3111,1551,1560
0.00101419878296,16,8,8,3.30476233855e-05,0.310753529557,0.00347114673275,0.000480897073808,43.875,22.125,21.75,8,8,351,177,174
0.00101419878296,16,10,6,5.44075971655e-05,0.342822571125,0.00870372072656,0.000521881122962,146.666666666666666666666666,70.0,76.666666666666666666666666,10,6,880,420,460
0.00101419878296,16,3,13,0.00186532104035,0.381499278502,0.00350131850571,0.000260625650216,91.615384615384615384615384,39.230769230769230769230769,52.384615384615384615384615,3,13,1191,510,681
0.00101419878296,16,10,6,3.89409411537e-06,0.315218080767,0.00578372535101,0.000551678753962,58.5,28.833333333333333333333333,29.666666666666666666666666,10,6,351,173,178
0.00101419878296,16,16,0,0.0,0.0,0.0092736743685,0.000617567225184,0.0,0.0,0.0,16,0,0,0,0
0.00101419878296,16,13,3,4.66967889162e-05,0.289046481537,0.00902695319068,0.000686362047779,47.0,23.666666666666666666666666,23.333333333333333333333333,13,3,141,71,70
0.00101419878296,16,3,13,1.27414576523e-05,0.354679592382,0.0019245384191,0.00029649859995,116.615384615384615384615384,57.615384615384615384615384,59.0,3,13,1516,749,767
0.00101419878296,16,12,4,2.17558734609e-05,0.325776144936,0.00388756985877,0.00064464799562,117.0,57.5,59.5,12,4,468,230,238
0.00101419878296,16,9,7,2.04130873821e-05,0.334200395231,0.00423992754045,0.000486920485119,80.428571428571428571428571,40.285714285714285714285714,40.142857142857142857142857,9,7,563,282,281
